#Table30: Reduced Zn transitions according to the criteria and results obtained in Sect. 11
#
#wavelength/Angstrom, Ion, log(gf)_TOSS, log(gf)_Kurucz, E_low/cm^-1, E_up/cm^-1
#
901.35,V,-0.70,-0.69,234846,345791
902.50,V,-2.22,-2.24,210973,321776
902.64,V,-2.01,-1.97,231831,342616
903.15,V,-2.10,-2.08,241829,352553
903.22,V,-1.58,-1.57,200644,311359
904.14,V,-1.73,-1.78,235599,346201
908.06,V,-1.83,-1.76,235599,345723
908.59,V,-1.63,-1.63,235730,345791
908.88,V,-2.38,-2.38,235599,345624
909.14,V,-1.26,-1.29,235730,345723
910.03,V,-2.30,-2.35,235903,345790
910.13,V,-0.82,-0.83,200644,310519
911.40,V,-1.64,-1.74,235903,345624
912.84,V,-1.42,-1.36,235599,345146
914.42,V,-1.89,-1.98,212471,321830
914.88,V,-2.15,-2.17,212471,321776
915.22,V,-1.76,-1.77,208715,317978
916.84,V,-1.93,-1.95,210973,320043
919.47,V,-2.28,-2.24,237032,345790
919.50,V,-2.22,-2.26,236969,345723
920.88,V,-1.61,-1.57,237032,345624
921.27,V,-1.27,-1.29,201973,310519
921.90,V,-1.40,-1.43,235599,344070
922.79,V,-1.42,-1.36,202929,311296
923.36,V,-2.04,-2.06,212471,320772
923.43,V,-0.94,-0.97,201973,310265
924.41,V,-1.69,-1.74,236969,345146
924.97,V,-2.45,-2.44,208715,316827
928.10,V,-1.70,-1.65,203548,311296
928.17,V,-2.22,-2.12,237032,344771
929.16,V,-1.69,-1.56,208715,316339
929.17,V,-1.78,-1.79,235599,343221
929.46,V,-2.24,-2.25,202929,310519
930.30,V,-0.83,-0.82,235730,343221
931.66,V,-1.26,-1.29,202929,310265
933.49,V,-1.50,-1.46,208715,315840
933.61,V,-1.38,-1.43,203548,310659
933.69,V,-2.05,-2.05,236969,344070
934.24,V,-1.19,-1.22,237032,344070
936.95,V,-1.39,-1.49,202929,309658
937.06,V,-2.23,-2.27,203548,310265
941.15,V,-1.69,-1.68,236969,343221
941.20,V,-1.99,-2.02,210973,317220
942.31,V,-1.58,-1.58,208715,314838
942.42,V,-1.64,-1.74,203548,309658
943.87,V,-1.79,-1.70,239843,345790
945.34,V,-1.93,-1.86,239843,345624
945.58,V,-1.52,-1.47,240446,346201
945.86,V,-1.46,-1.49,235903,341627
946.54,V,-0.75,-0.76,236969,342616
946.85,V,-1.91,-1.99,210973,316586
947.11,V,-2.09,-2.09,237032,342616
948.03,V,-2.44,-2.49,208715,314197
949.07,V,-1.87,-1.84,210973,316339
949.87,V,-1.69,-1.75,240446,345723
953.03,V,-1.84,-1.87,239843,344771
959.96,V,-1.34,-1.40,212471,316643
960.48,V,-1.20,-1.22,212471,316586
962.79,V,-2.40,-2.41,210973,314838
963.22,V,-1.93,-1.88,208715,312534
967.41,V,-2.41,-2.47,212471,315840
968.76,V,-1.18,-1.21,210973,314197
969.00,V,-2.40,-2.38,226334,329533
970.11,V,-1.33,-1.35,208715,311796
971.42,V,-2.29,-2.26,241829,344771
972.07,V,-1.74,-1.76,227195,330069
974.24,V,-1.34,-1.44,208715,311359
977.16,V,-1.72,-1.73,227195,329533
978.08,V,-1.54,-1.57,241829,344070
982.28,V,-1.84,-1.87,208715,310519
982.96,V,-2.38,-2.42,228335,330069
983.03,V,-1.91,-1.92,212471,314197
984.02,V,-1.68,-1.68,231831,333455
986.91,IV,-2.11,-2.16,130366,231693
987.61,V,-1.87,-1.94,230614,331869
988.17,V,-2.30,-2.29,228335,329533
988.40,V,-2.04,-1.93,227195,328369
988.65,IV,-1.12,-1.10,128730,229878
991.83,V,-2.15,-2.13,210973,311796
992.19,V,-2.17,-2.19,241829,342616
993.51,V,-1.36,-1.36,226334,326987
996.15,V,-2.24,-2.33,210973,311359
996.15,V,-1.55,-1.54,227195,327581
998.42,IV,-2.36,-2.38,135951,236109
999.66,V,-1.82,-1.83,228335,328369
1000.35,V,-1.57,-1.50,231122,331087
1002.03,V,-2.05,-2.06,241829,341627
1004.56,V,-2.29,-2.32,210973,310519
1004.91,IV,-1.81,-1.81,130366,229878
1007.13,V,-1.96,-1.97,210973,310265
1007.66,V,-2.48,-2.43,221631,320871
1011.62,IV,-1.39,-1.41,135951,234802
1011.90,V,-2.27,-2.23,212471,311296
1012.18,IV,-1.24,-1.22,130366,229163
1014.11,V,-1.67,-1.69,234846,333455
1015.53,V,-1.61,-1.54,230614,329085
1017.94,V,-0.52,-0.54,231831,330069
1018.94,V,-2.17,-2.30,232946,331087
1019.66,V,-2.38,-2.23,231997,330069
1021.01,V,-1.94,-1.94,222042,319984
1022.16,V,-2.01,-1.90,222940,320772
1022.57,V,-2.45,-2.47,212471,310265
1023.28,V,-2.42,-2.32,235730,333455
1023.52,V,-0.11,-0.13,231831,329533
1024.28,IV,-1.44,-1.46,138479,236109
1025.09,V,-2.26,-2.23,226334,323886
1026.38,V,-2.09,-2.05,222042,319472
1026.42,IV,-1.28,-1.27,131805,229231
1027.13,IV,-1.75,-1.74,131805,229163
1027.43,V,-1.73,-1.73,227195,324526
1027.77,V,-2.39,-2.49,226334,323632
1029.99,V,-0.66,-0.70,231997,329085
1030.17,V,-1.76,-1.80,255482,352553
1033.01,V,-1.17,-1.16,221631,318436
1035.86,V,-0.95,-0.86,231831,328369
1035.89,V,-0.60,-0.62,285885,382420
1036.42,V,-1.13,-1.15,236969,333455
1036.53,IV,-1.38,-1.38,132777,229253
1036.77,IV,-1.78,-1.77,132777,229231
1036.89,V,-1.98,-2.01,202929,299372
1037.32,V,-1.84,-1.81,201973,298375
1037.46,V,-1.68,-1.72,200644,297033
1038.23,V,-1.38,-1.41,256235,352553
1038.39,IV,-1.83,-1.81,128730,225033
1040.02,V,-2.24,-2.20,200644,296796
1040.07,V,-2.32,-2.47,285523,381670
1041.12,V,-1.31,-1.21,230614,326664
1042.04,V,-0.86,-0.94,235903,331869
1043.35,V,0.25,0.24,286575,382420
1043.58,V,-1.85,-1.89,203548,299372
1044.00,V,-0.87,-0.96,285885,381670
1044.38,V,-2.45,-2.39,231831,327581
1044.48,IV,-1.71,-1.67,135951,231693
1047.16,V,-1.10,-1.18,222940,318436
1047.72,V,-2.23,-2.22,202929,298375
1048.45,V,-0.51,-0.53,285523,380902
1050.66,V,-2.02,-1.92,222042,317220
1051.58,V,-2.29,-2.37,286575,381670
1052.44,V,-0.03,-0.03,285885,380902
1053.28,V,-0.17,-0.18,285523,380464
1054.56,V,-1.86,-1.86,203548,298375
1054.60,V,-1.77,-1.82,201973,296796
1055.88,V,-0.43,-0.52,221631,316339
1056.33,V,-0.62,-0.74,231997,326664
1056.53,V,-2.35,-2.41,200644,295293
1057.30,V,-2.19,-2.17,227195,321776
1057.31,V,-0.84,-0.84,285885,380464
1057.91,V,-2.23,-2.27,222940,317466
1057.93,V,-1.33,-1.38,200644,295168
1058.19,V,-1.18,-1.21,198962,293463
1058.53,V,-1.49,-1.50,235599,330069
1058.66,IV,-2.13,-2.06,138479,232938
1060.15,V,-0.89,-0.90,286575,380902
1062.65,V,-1.43,-1.45,202929,297033
1063.21,V,-0.35,-0.33,237032,331087
1063.98,V,-0.39,-0.43,222042,316029
1064.70,V,-2.45,-2.37,226334,320257
1065.34,V,-1.66,-1.78,202929,296796
1065.78,V,-1.86,-1.89,202929,296757
1066.06,V,-1.05,-1.06,235730,329533
1066.55,V,-1.02,-1.05,198962,292722
1067.14,V,-1.97,-1.99,226334,320043
1068.28,V,-0.44,-0.29,221631,315239
1069.67,V,-0.26,-0.23,235599,329085
1070.20,V,-1.32,-1.28,228335,321776
1071.50,V,-0.64,-0.72,221631,314958
1071.58,V,-1.76,-1.79,201973,295293
1072.46,IV,-2.45,-2.43,130366,223609
1072.86,V,-1.33,-1.38,203548,296757
1072.89,V,-2.35,-2.38,221631,314838
1072.99,V,0.03,0.03,222042,315239
1073.01,V,-0.83,-0.89,201973,295168
1073.17,V,-1.13,-1.22,235903,329085
1074.11,V,-1.17,-1.18,236969,330069
1074.24,V,-0.72,-0.82,222940,316029
1074.55,V,-2.38,-2.46,227195,320257
1075.17,V,0.52,0.51,240446,333455
1076.24,V,-1.01,-0.94,222042,314958
1076.88,V,-0.33,-0.21,222940,315801
1077.04,V,-1.58,-1.53,227195,320043
1077.36,V,-2.15,-2.13,200644,293463
1078.34,V,-2.16,-2.14,234846,327581
1078.81,V,-0.85,-0.91,231831,324526
1079.45,V,-1.41,-1.39,235730,328369
1080.00,V,-2.05,-2.05,226334,318927
1080.31,V,-1.75,-1.67,221631,314197
1080.33,V,-0.81,-0.73,236969,329533
1080.74,V,-0.70,-0.82,232946,325476
1082.67,V,-1.28,-1.34,202929,295293
1082.98,V,-2.22,-2.13,239843,332181
1084.75,V,-1.11,-1.11,222042,314229
1085.29,V,0.56,0.55,234846,326987
1086.03,V,-0.39,-0.47,200644,292722
1086.33,V,-0.75,-0.68,237032,329085
1086.64,V,-0.80,-0.75,239843,331869
1088.71,V,0.50,0.49,235730,327581
1090.83,V,0.32,0.31,260880,352553
1091.18,V,-1.95,-1.83,226334,317978
1093.01,V,-1.24,-1.30,201973,293463
1094.09,V,0.41,0.39,236969,328369
1094.44,IV,-1.96,-1.97,130366,221737
1095.13,V,-0.97,-0.97,291107,382420
1095.42,V,-1.54,-1.66,222940,314229
1095.77,V,-0.63,-0.67,285885,377144
1095.80,V,-0.49,-0.51,235730,326987
1095.96,V,-0.41,-0.46,239843,331087
1096.30,V,-1.83,-1.83,230614,321830
1098.11,V,-0.61,-0.67,235599,326664
1099.97,V,-1.08,-1.11,285523,376434
1100.08,V,-1.80,-1.72,221631,312534
1100.53,V,-1.55,-1.55,198962,289827
1101.53,V,-1.67,-1.74,227195,317978
1102.43,V,-1.67,-1.73,231122,321830
1102.49,V,-0.66,-0.81,222940,313644
1103.60,V,-0.62,-0.65,236969,327581
1104.13,V,-1.69,-1.63,286575,377144
1104.20,V,0.13,0.13,291107,381670
1105.06,V,-2.10,-2.14,226334,316827
1105.55,V,-1.16,-1.09,226334,316786
1106.79,V,-0.06,-0.06,241829,332181
1106.96,V,-1.05,-1.03,230435,320772
1107.32,V,-0.07,-0.08,255482,345790
1107.59,V,-0.80,-0.81,235903,326189
1107.95,V,-1.10,-0.98,230614,320871
1109.08,V,0.03,-0.05,221631,311796
1109.17,V,-0.81,-0.77,230614,320772
1109.35,V,-1.14,-1.20,255482,345624
1109.89,IV,-1.08,-1.12,135951,226050
1110.82,V,-1.21,-1.15,232946,322969
1111.53,V,0.01,-0.05,256235,346201
1111.60,V,0.22,0.20,255763,345723
1111.79,V,-1.72,-1.83,231831,321776
1111.84,V,-1.77,-1.89,198962,288903
1112.83,V,0.01,-0.01,255763,345624
1113.65,V,-0.89,-0.98,291107,380902
1113.84,V,-1.27,-1.24,200644,290424
1114.48,V,0.18,0.21,221631,311359
1115.27,V,-0.19,-0.24,255482,345146
1115.45,V,-1.33,-1.40,231122,320772
1115.68,V,0.08,0.07,227195,316827
1115.80,IV,-2.41,-2.42,131805,221426
1116.18,V,-0.29,-0.32,227195,316786
1116.63,V,0.50,0.49,256235,345791
1116.70,V,-1.21,-1.20,230435,319984
1116.84,V,0.61,0.60,198962,288500
1117.47,V,-0.39,-0.29,256235,345723
1118.78,V,0.06,0.04,255763,345146
1119.10,V,-1.05,-1.08,291107,380464
1119.95,V,0.01,-0.01,255482,344771
1120.33,V,0.39,0.38,226334,315594
1120.55,V,-0.84,-0.98,239843,329085
1121.29,V,-2.20,-2.26,200644,289827
1121.61,V,-0.74,-0.61,237032,326189
1121.78,V,-1.11,-1.21,227195,316339
1122.50,V,0.25,0.24,240446,329533
1122.57,IV,-2.09,-2.10,135951,225033
1124.52,V,-1.85,-1.94,235599,324526
1124.72,V,-0.59,-0.52,256235,345146
1125.02,V,-0.02,-0.04,221631,310519
1125.05,V,0.08,0.02,228335,317220
1125.18,V,-1.51,-1.56,231997,320871
1126.66,V,-1.00,-0.92,201973,290731
1128.10,V,-0.62,-0.64,227195,315840
1128.24,V,-0.73,-0.76,221631,310265
1128.81,V,-0.57,-0.55,255482,344070
1129.90,V,-0.34,-0.35,226334,314838
1130.05,V,-0.17,-0.19,228335,316827
1130.24,V,-0.11,-0.10,222042,310519
1130.57,V,-2.35,-2.24,201973,290424
1130.88,V,-2.23,-2.21,231831,320257
1131.24,V,-0.22,-0.25,227195,315594
1131.79,V,-0.40,-0.38,222940,311296
1132.27,V,0.10,0.08,208715,297033
1132.41,V,-1.21,-1.06,255763,344070
1132.66,V,0.44,0.43,235599,323886
1133.03,V,0.48,0.48,200644,288903
1133.13,V,0.17,0.16,228335,316586
1133.28,V,0.23,0.22,241829,330069
1133.50,V,-0.08,-0.10,222042,310265
1133.72,IV,-1.37,-1.43,138479,226685
1135.32,V,-0.87,-0.78,208715,296796
1135.59,V,-0.41,-0.40,200644,288704
1136.31,V,-0.26,-0.23,228335,316339
1136.42,IV,-0.77,-0.77,148180,236175
1136.60,V,-0.35,-0.33,198962,286943
1136.99,V,-0.55,-0.57,201973,289925
1137.36,V,-1.30,-1.22,240446,328369
1137.63,V,-0.20,-0.24,235730,323632
1138.25,V,0.41,0.40,201973,289827
1138.50,V,0.19,0.16,256235,344070
1138.67,V,-1.11,-1.17,230614,318436
1138.94,V,-1.53,-1.56,231831,319632
1139.28,V,-0.48,-0.48,202929,290704
1140.00,V,-0.60,-0.63,222940,310659
1140.70,V,0.43,0.41,286575,374241
1140.80,IV,-2.01,-1.99,135951,223609
1141.00,V,-0.06,-0.07,227195,314838
1141.10,V,-0.33,-0.27,231997,319632
1141.34,V,-0.42,-0.45,222042,309658
1141.93,IV,-1.91,-1.94,138479,226050
1142.11,V,-0.93,-1.02,236969,324526
1142.79,V,-0.64,-0.58,228335,315840
1142.93,V,0.30,0.29,202929,290424
1142.94,V,0.23,0.24,237032,324526
1143.20,V,-0.57,-0.58,203548,291022
1143.40,V,-0.09,-0.08,255763,343221
1144.14,V,-0.05,-0.01,210973,298375
1145.15,V,-0.64,-0.65,222940,310265
1146.06,V,-0.49,-0.52,241829,329085
1146.15,V,-0.45,-0.51,234582,321830
1147.02,V,0.13,0.10,203548,290731
1147.37,V,-0.31,-0.33,203548,290704
1147.65,V,0.00,-0.01,255482,342616
1148.55,V,-1.04,-0.97,235903,322969
1148.92,V,0.00,0.05,232946,319984
1149.40,V,0.23,0.22,227195,314197
1149.49,V,0.01,-0.01,202929,289925
1149.61,V,0.08,0.06,256235,343221
1149.63,IV,-1.33,-1.33,149191,236175
1149.87,V,0.60,0.59,226334,313300
1150.50,IV,-1.09,-1.10,149191,236109
1150.74,V,-0.08,-0.09,212471,299372
1151.37,V,-0.09,-0.11,255763,342616
1151.39,V,-0.87,-1.00,230614,317466
1152.27,V,-1.17,-1.10,230435,317220
1152.99,V,0.20,0.18,201973,288704
1153.16,V,-0.84,-0.95,222940,309658
1154.43,IV,-1.20,-1.20,148180,234802
1155.03,V,-0.19,-0.19,208715,295293
1155.36,IV,-2.37,-2.38,138479,225033
1155.52,V,-1.37,-1.40,240446,326987
1155.73,V,-0.42,-0.39,232946,319472
1155.83,IV,-1.05,-1.07,138479,224998
1156.04,V,-1.85,-1.83,228335,314838
1156.39,V,0.20,0.19,285885,372360
1156.69,V,-1.26,-1.27,208715,295168
1157.66,V,-1.20,-1.24,256235,342616
1157.73,V,-1.06,-0.91,203548,289925
1158.76,V,0.33,0.31,200644,286943
1159.98,V,-1.46,-1.54,230435,316643
1160.09,V,-0.94,-0.82,226334,312534
1160.22,V,-0.54,-0.54,234582,320772
1160.40,V,-1.82,-1.80,235599,321776
1160.80,V,-1.71,-1.71,231831,317978
1160.83,V,-0.44,-0.43,255482,341627
1161.97,V,-0.41,-0.45,210973,297033
1162.28,V,0.27,0.26,291107,377144
1162.40,V,-0.56,-0.67,230614,316643
1163.78,V,-0.34,-0.33,235903,321830
1164.10,V,-0.48,-0.44,212471,298375
1164.63,V,-0.45,-0.46,255763,341627
1164.66,V,-0.92,-0.95,228335,314197
1165.19,V,-0.50,-0.48,210973,296796
1165.69,IV,-1.37,-1.40,135951,221737
1165.71,V,-0.51,-0.53,286575,372360
1165.72,V,-0.41,-0.42,210973,296757
1165.84,V,-1.67,-1.59,202929,288704
1165.88,V,0.67,0.65,234846,320618
1168.30,V,-0.75,-0.87,230435,316029
1169.20,V,0.06,0.05,285523,371051
1169.30,V,-0.40,-0.44,231122,316643
1170.11,V,0.05,0.07,226334,311796
1170.76,V,-1.23,-1.09,230614,316029
1171.11,V,-0.20,-0.18,231831,317220
1171.42,V,-0.75,-0.82,230435,315801
1171.80,V,-0.46,-0.51,227195,312534
1171.95,V,-0.09,-0.10,291107,376434
1172.04,V,0.21,0.23,260880,346201
1172.29,IV,-1.02,-1.03,149191,234494
1173.37,V,-0.03,0.06,239843,325068
1174.17,V,-0.57,-0.59,285885,371051
1174.35,V,0.52,0.50,198962,284116
1176.12,V,-0.05,-0.12,226334,311359
1176.53,V,-0.18,-0.19,231831,316827
1176.87,V,0.31,0.29,198962,283933
1176.88,V,-2.23,-2.22,201973,286943
1176.98,V,0.01,-0.01,201973,286936
1177.02,V,-0.08,-0.10,226334,311295
1177.04,V,-0.30,-0.32,202929,287888
1177.04,V,0.18,0.16,200644,285603
1177.09,V,0.44,0.42,231831,316786
1177.50,IV,-0.40,-0.40,151250,236175
1178.29,V,-0.87,-0.97,235903,320772
1178.41,IV,-1.54,-1.55,151250,236109
1178.64,V,-0.24,-0.33,260880,345723
1178.76,V,-0.25,-0.11,241829,326664
1179.15,V,0.24,0.24,236969,321776
1179.49,IV,-0.56,-0.57,151392,236175
1179.82,IV,-2.01,-2.04,148180,232938
1179.97,V,0.40,0.39,208715,293463
1180.02,V,-0.48,-0.47,260880,345624
1180.03,V,-0.94,-1.03,237032,321776
1180.28,IV,-2.16,-2.23,151250,235976
1181.39,V,-1.42,-1.32,231997,316643
1182.02,V,-0.70,-0.65,227195,311796
1182.02,IV,-0.47,-0.47,151574,236175
1182.57,V,-0.44,-0.39,212471,297033
1183.04,V,-0.67,-0.70,235730,320257
1183.10,V,-0.80,-0.87,230435,314958
1183.16,V,-1.16,-1.01,232946,317466
1183.31,V,-0.57,-0.70,231831,316339
1183.77,V,-1.84,-1.86,286575,371051
1185.68,V,-0.41,-0.42,203548,287888
1185.90,V,0.21,0.18,212471,296796
1185.95,V,0.11,0.10,210973,295293
1185.96,V,-0.51,-0.52,285523,369843
1186.06,V,0.38,0.36,235730,320043
1186.45,V,0.01,-0.00,212471,296757
1187.66,V,0.28,0.26,228335,312534
1187.71,V,0.39,0.38,210973,295168
1188.16,V,-1.18,-1.24,227195,311359
1189.07,V,0.34,0.33,227195,311295
1189.33,V,-0.48,-0.51,234846,318927
1189.54,IV,-0.91,-0.92,148180,232246
1190.34,V,-0.24,-0.22,231831,315840
1190.38,V,0.45,0.45,208715,292722
1190.38,V,-0.38,-0.38,202929,286936
1192.01,V,-0.36,-0.37,260880,344771
1193.26,V,-1.08,-1.13,231997,315801
1193.30,IV,-1.59,-1.63,130366,214167
1193.62,V,-0.80,-0.81,285523,369302
1193.85,V,-0.49,-0.49,231831,315594
1194.07,IV,-1.51,-1.54,149191,232938
1194.17,V,-1.02,-1.02,237032,320772
1195.75,V,-0.30,-0.29,201973,285603
1196.62,V,-1.41,-1.35,235903,319472
1197.41,IV,-1.36,-1.38,148180,231693
1198.16,V,-1.00,-0.87,228335,311796
1198.80,V,-0.12,-0.13,285885,369302
1199.22,V,-1.31,-1.32,203548,286936
1200.14,V,-2.21,-2.24,227195,310519
1200.33,V,-2.39,-2.41,285523,368833
1200.64,V,-0.25,-0.24,200644,283933
1200.64,V,0.48,0.46,236969,320257
1201.28,IV,-1.52,-1.52,151250,234494
1201.31,V,-1.12,-0.99,231997,315239
1201.52,IV,-0.51,-0.54,151574,234802
1201.96,V,0.48,0.47,235730,318927
1202.06,V,-1.29,-1.33,260880,344070
1202.13,V,0.52,0.51,240446,323632
1202.91,V,0.49,0.48,234846,317978
1202.98,V,-0.90,-1.00,239843,322969
1203.26,V,-1.50,-1.45,231122,314229
1203.35,IV,-1.76,-1.79,151392,234494
1203.46,IV,-1.59,-1.60,128730,211824
1203.62,V,-1.49,-1.51,232946,316029
1203.75,V,-1.86,-1.86,236969,320043
1204.02,IV,-1.39,-1.39,149191,232246
1204.47,V,-1.72,-1.72,228335,311359
1204.72,V,-0.08,-0.10,231831,314838
1205.57,V,-0.81,-0.82,285885,368833
1205.59,IV,-1.73,-1.76,138479,221426
1207.19,V,-0.82,-0.91,235599,318436
1207.41,V,-1.29,-1.29,212471,295293
1209.24,V,-1.45,-1.52,241829,324526
1209.58,V,-1.43,-1.43,202929,285603
1209.73,V,-2.17,-2.28,236969,319632
1212.09,IV,-2.05,-2.17,149191,231693
1212.26,V,-1.59,-1.57,210973,293463
1212.71,IV,-1.81,-1.85,128730,211190
1214.08,V,-0.74,-0.80,231831,314197
1214.14,IV,-2.00,-2.06,131805,214167
1214.29,V,-0.87,-0.78,230614,312967
1214.45,V,-0.31,-0.37,260880,343221
1215.70,V,0.13,0.12,286575,368833
1215.83,V,-2.22,-2.23,235730,317978
1216.07,V,-0.38,-0.45,231997,314229
1216.54,V,-1.99,-2.05,231997,314197
1220.10,V,-1.76,-1.75,201973,283933
1220.40,V,-1.44,-1.47,234846,316786
1223.18,IV,0.46,0.46,160886,242640
1223.44,V,-2.32,-2.37,260880,342616
1223.68,IV,-0.69,-0.70,160919,242640
1224.02,IV,-0.28,-0.30,148180,229878
1224.16,IV,-1.54,-1.59,151250,232938
1224.36,IV,-1.36,-1.37,131805,213480
1224.79,V,-0.43,-0.54,231997,313644
1226.06,V,-1.11,-1.11,235903,317466
1226.31,IV,-1.55,-1.61,151392,232938
1227.63,IV,-1.83,-1.85,130366,211824
1227.79,V,-1.82,-1.97,234582,316029
1227.99,IV,-2.44,-2.41,160886,242320
1228.49,IV,0.39,0.39,160919,242320
1228.65,IV,-1.14,-1.17,132777,214167
1229.05,IV,-1.59,-1.63,151574,232938
1230.27,V,-0.68,-0.61,232946,314229
1230.71,V,-0.85,-0.90,291107,372360
1231.47,IV,-1.36,-1.36,130366,211570
1232.87,V,-1.68,-1.75,208715,289827
1233.09,V,-1.47,-1.39,235730,316827
1233.79,IV,-1.68,-1.69,148180,229231
1234.83,IV,-1.25,-1.25,148180,229163
1235.65,V,-1.44,-1.56,239843,320772
1236.69,V,-0.64,-0.67,230435,311296
1237.27,IV,-1.38,-1.42,130366,211190
1238.43,V,-0.15,-0.18,260880,341627
1238.55,V,-1.32,-1.37,235903,316643
1239.11,V,-0.62,-0.62,231831,312534
1239.12,IV,-0.84,-0.85,132777,213480
1239.60,IV,-1.08,-1.09,151574,232246
1243.11,IV,-0.69,-0.74,151250,231693
1246.08,V,-1.68,-1.68,236969,317220
1246.24,V,-1.62,-1.47,235599,315840
1247.02,IV,-1.84,-1.82,128730,208921
1247.07,V,-1.20,-1.24,237032,317220
1247.07,V,-0.46,-0.53,208715,288903
1247.29,V,-1.05,-1.10,231122,311296
1248.15,IV,-1.16,-1.23,151574,231693
1249.03,IV,-1.82,-1.85,149191,229253
1249.37,IV,-1.78,-1.77,149191,229231
1249.70,IV,-0.64,-0.68,131805,211824
1249.99,V,-1.90,-1.97,241829,321830
1250.44,IV,-1.07,-1.06,149191,229163
1250.54,V,-1.07,-1.09,231831,311796
1250.84,V,-1.26,-1.26,241829,321776
1250.87,V,-2.04,-2.11,291107,371051
1252.13,V,-1.77,-1.72,235730,315594
1252.86,V,-2.31,-2.27,236969,316786
1252.96,V,-1.19,-1.20,240446,320257
1253.68,IV,-1.09,-1.09,131805,211570
1255.49,V,-1.22,-1.31,230614,310265
1255.53,V,-1.24,-1.27,234582,314229
1255.82,V,-1.56,-1.48,239843,319472
1256.34,V,-0.81,-0.80,240446,320043
1257.34,IV,-1.30,-1.30,130366,209899
1257.41,V,-1.20,-1.29,231831,311359
1258.44,V,-0.64,-0.68,231831,311295
1258.63,V,-1.57,-1.63,210973,290424
1259.68,IV,-2.12,-2.09,131805,211190
1260.92,V,-1.46,-1.54,237032,316339
1262.25,V,-0.70,-0.59,230435,309658
1264.10,V,-1.45,-1.44,235730,314838
1264.94,V,-1.37,-1.36,235903,314958
1265.12,V,-1.15,-1.17,230614,309658
1265.27,IV,-1.46,-1.47,157075,236109
1265.71,IV,0.31,0.30,128730,207737
1265.87,V,-1.93,-2.02,237032,316029
1266.74,V,-1.73,-1.79,241829,320772
1267.42,IV,-0.29,-0.30,157075,235976
1268.16,V,-0.86,-0.92,210973,289827
1268.90,V,-1.15,-1.23,237032,315840
1269.16,IV,-2.47,-2.36,132777,211570
1272.20,IV,-0.18,-0.21,130366,208970
1272.38,V,-2.14,-2.05,239843,318436
1272.99,IV,0.12,0.11,130366,208921
1273.80,IV,-0.96,-0.93,148180,226685
1274.20,V,-0.27,-0.31,240446,318927
1274.63,V,-1.35,-1.35,234846,313300
1275.79,IV,-1.09,-1.09,131805,210187
1276.33,V,-1.73,-1.67,232946,311296
1277.08,IV,0.25,0.24,151574,229878
1277.67,V,-1.78,-1.67,231997,310265
1277.81,V,-1.46,-1.54,212471,290731
1278.31,V,-1.52,-1.51,208715,286943
1278.51,IV,-1.45,-1.55,135951,214167
1280.50,IV,0.01,0.01,131805,209899
1281.30,IV,-0.98,-0.95,157930,235976
1281.31,V,-0.50,-0.55,235599,313644
1282.00,IV,-1.28,-1.29,151250,229253
1282.36,IV,-0.31,-0.31,151250,229231
1282.83,V,-1.31,-1.37,212471,290424
1283.26,V,-1.64,-1.63,237032,314958
1283.48,IV,0.07,0.06,151250,229163
1284.18,IV,-0.61,-0.63,148180,226050
1284.21,V,-1.78,-1.68,236969,314838
1284.35,IV,-0.31,-0.32,151392,229253
1284.71,IV,-0.25,-0.26,151392,229231
1286.33,V,-1.59,-1.46,235903,313644
1286.48,V,-1.69,-1.69,210973,288704
1288.28,V,-1.75,-1.80,239843,317466
1288.85,IV,-0.80,-0.79,151574,229163
1289.79,V,-1.71,-1.73,240446,317978
1290.06,IV,0.09,0.08,199369,276885
1290.42,IV,-0.20,-0.23,149191,226685
1291.10,V,-1.71,-1.69,212471,289925
1291.67,IV,-1.10,-1.07,157075,234494
1291.83,IV,-0.01,-0.02,132777,210187
1292.48,IV,-0.05,-0.05,130366,207737
1294.31,IV,-2.05,-2.07,128730,205991
1294.86,V,-1.76,-1.75,236969,314197
1295.38,V,-1.30,-1.32,237032,314229
1295.85,V,-0.14,-0.11,221631,298801
1296.65,IV,-0.20,-0.21,132777,209899
1296.73,IV,0.00,-0.01,131805,208921
1300.60,V,-1.80,-1.82,208715,285603
1301.08,IV,-0.67,-0.68,149191,226050
1301.19,IV,0.27,0.26,148180,225033
1301.78,IV,-1.14,-1.17,148180,224998
1301.93,IV,-1.77,-1.79,130366,207175
1302.01,V,-1.87,-1.87,235730,312534
1302.79,V,-0.38,-0.36,222042,298801
1305.37,V,-1.45,-1.46,241829,318436
1306.09,IV,-0.38,-0.40,157930,234494
1306.66,IV,0.58,0.57,128730,205261
1308.07,V,-1.90,-1.88,234846,311295
1309.23,V,-0.79,-0.81,240446,316827
1309.93,V,-1.58,-1.58,240446,316786
1311.77,V,-1.69,-1.72,212471,288704
1311.94,IV,-0.52,-0.53,149191,225414
1316.30,V,-1.34,-1.38,210973,286943
1316.42,V,-1.68,-1.70,210973,286936
1318.00,IV,0.14,0.14,135951,211824
1318.16,IV,-1.88,-1.79,157075,232938
1318.20,V,-0.76,-0.70,222940,298801
1319.14,IV,-0.52,-0.49,149191,224998
1320.70,IV,0.04,0.03,128730,204447
1321.22,IV,0.22,0.22,138479,214167
1322.32,IV,0.04,0.02,130366,205991
1322.43,IV,0.20,0.19,135951,211570
1323.36,V,-1.76,-1.73,236969,312534
1323.36,V,-1.87,-1.88,235730,311295
1325.64,IV,-1.72,-1.78,151250,226685
1325.74,IV,-2.08,-1.98,148180,223609
1325.96,V,-1.72,-1.75,212471,287888
1326.25,V,-1.05,-1.09,208715,284116
1326.42,V,-0.95,-0.96,241829,317220
1326.66,IV,-0.22,-0.23,199369,274746
1326.77,IV,-0.19,-0.21,131805,207175
1328.15,IV,-2.15,-2.10,151392,226685
1329.11,IV,-0.05,-0.08,135951,211190
1329.47,V,-1.40,-1.44,208715,283933
1329.96,IV,0.24,0.23,160919,236109
1330.30,IV,0.01,-0.01,157075,232246
1331.28,V,-1.92,-2.00,239843,314958
1331.37,IV,-0.66,-0.64,151574,226685
1333.18,IV,0.04,0.03,157930,232938
1333.33,IV,-0.02,-0.03,138479,213480
1333.49,V,-2.24,-2.21,222042,297033
1334.76,V,-2.36,-2.44,235599,310519
1336.89,IV,-0.74,-0.74,151250,226050
1337.67,V,-2.24,-2.31,241829,316586
1339.94,V,-1.85,-1.89,210973,285603
1340.16,IV,0.17,0.17,157075,231693
1342.10,V,-1.26,-1.40,241829,316339
1342.72,IV,0.06,0.05,151574,226050
1342.92,V,-2.36,-2.40,212471,286936
1343.75,IV,0.16,0.15,149191,223609
1344.12,IV,0.07,0.06,132777,207175
1344.24,V,-0.31,-0.32,240446,314838
1344.33,V,-2.04,-1.92,239843,314229
1345.79,V,-2.08,-2.06,255763,330069
1347.95,IV,0.11,0.10,131805,205991
1348.35,IV,-0.71,-0.73,151250,225414
1349.88,IV,0.20,0.20,130366,204447
1350.96,IV,-1.88,-1.90,151392,225414
1351.15,V,-0.96,-0.97,241829,315840
1351.87,V,-2.08,-2.22,241829,315801
1352.31,IV,-1.00,-1.00,135951,209899
1352.88,IV,0.32,0.31,160886,234802
1353.49,IV,-2.43,-2.43,160919,234802
1354.40,V,-1.67,-1.75,256235,330069
1355.97,IV,-0.80,-0.80,151250,224998
1356.17,IV,0.57,0.56,160886,234623
1356.20,IV,-0.23,-0.24,132777,206513
1357.80,IV,0.03,0.01,131805,205453
1358.60,IV,-1.00,-1.03,151392,224998
1359.48,IV,0.15,0.14,148180,221737
1361.32,IV,-0.39,-0.41,151574,225033
1361.97,IV,-0.32,-0.35,151574,224998
1363.43,IV,-0.08,-0.11,138479,211824
1363.91,IV,0.22,0.21,130366,203685
1365.25,IV,-0.15,-0.17,148180,221426
1367.54,V,-2.08,-2.08,239843,312967
1368.17,IV,-1.17,-1.25,138479,211570
1369.51,IV,0.39,0.38,135951,208970
1370.42,IV,-0.84,-0.87,135951,208921
1371.19,IV,-0.68,-0.69,149191,222120
1375.33,IV,0.17,0.17,138479,211190
1375.98,IV,-0.97,-0.98,132777,205453
1377.30,V,-1.95,-1.98,255763,328369
1377.62,IV,0.36,0.35,128730,201319
1381.98,IV,-1.93,-1.90,151250,223609
1384.36,IV,-1.14,-1.14,149191,221426
1385.46,IV,-2.36,-2.37,157075,229253
1387.06,IV,-0.73,-0.75,160886,232981
1387.19,IV,-0.54,-0.59,157075,229163
1387.20,V,-1.44,-1.42,240446,312534
1387.69,IV,0.46,0.44,160919,232981
1388.21,IV,-0.55,-0.57,151574,223609
1391.21,IV,-1.06,-1.07,131805,203685
1392.14,V,-2.20,-2.26,221631,293463
1392.48,V,-2.07,-2.22,241829,313644
1393.03,IV,-0.64,-0.68,135951,207737
1394.55,IV,-0.81,-0.82,138479,210187
1400.18,IV,-1.42,-1.44,138479,209899
1401.54,V,-1.31,-1.30,240446,311796
1401.62,V,-1.83,-1.86,256235,327581
1402.07,IV,-1.88,-1.90,157930,229253
1402.50,IV,-1.17,-1.22,157930,229231
1404.02,IV,-1.92,-1.94,135951,207175
1409.39,IV,-1.53,-1.55,130366,201319
1410.18,V,-1.56,-1.64,240446,311359
1410.29,IV,-2.38,-2.39,132777,203685
1411.02,IV,-0.48,-0.49,151250,222120
1411.46,V,-2.29,-2.29,240446,311295
1412.95,IV,-1.72,-1.72,160919,231693
1413.88,IV,-1.18,-1.19,151392,222120
1418.68,IV,-0.62,-0.63,151250,221737
1419.61,IV,-1.53,-1.58,138479,208921
1424.97,IV,-1.05,-1.07,151250,221426
1425.25,IV,-0.81,-0.82,151574,221737
1427.76,IV,-2.28,-2.29,135951,205991
1427.88,IV,-0.60,-0.61,151392,221426
1431.60,IV,-1.18,-1.19,151574,221426
1431.89,V,-2.04,-2.03,227195,297033
1436.57,IV,-0.77,-0.78,157075,226685
1437.07,V,-2.07,-1.95,255482,325068
1442.91,V,-1.42,-1.48,255763,325068
1447.19,V,-2.48,-2.45,221631,290731
1448.35,V,-2.08,-2.16,255482,324526
1449.45,IV,-0.85,-0.88,160886,229878
1449.79,IV,-2.12,-2.24,157075,226050
1452.76,V,-2.28,-2.30,226334,295168
1453.65,V,-2.02,-2.04,221631,290424
1454.39,V,-2.07,-2.14,230614,299372
1454.43,IV,-1.34,-1.34,157930,226685
1455.69,IV,-1.68,-1.70,138479,207175
1455.85,V,-1.60,-1.56,222042,290731
1456.41,V,-1.50,-1.53,222042,290704
1456.60,V,-1.25,-1.28,260880,329533
1459.94,IV,-0.44,-0.47,135951,204447
1461.53,V,-1.23,-1.27,228335,296757
1462.38,V,-1.79,-1.81,222042,290424
1463.29,IV,-1.50,-1.52,157075,225414
1464.28,V,-2.03,-2.09,221631,289925
1464.33,V,-1.15,-1.21,256235,324526
1465.20,V,-1.49,-1.51,231122,299372
1465.34,IV,-1.60,-1.65,160919,229163
1466.16,V,-1.99,-2.08,260880,329085
1466.37,V,-1.93,-1.97,221631,289827
1468.47,V,-1.16,-1.20,227195,295293
1468.81,V,-1.39,-1.42,222940,291022
1472.26,IV,-1.52,-1.60,157075,224998
1473.14,V,-1.14,-1.21,222042,289925
1475.13,V,-1.88,-1.85,222940,290731
1475.71,V,-1.09,-1.13,222940,290704
1475.79,V,-1.33,-1.24,230614,298375
1476.38,IV,-1.61,-1.63,135951,203685
1478.17,V,-1.36,-1.37,256235,323886
1481.23,IV,-1.05,-1.08,138479,205991
1481.82,IV,-1.11,-1.12,157930,225414
1489.67,V,-0.99,-1.02,226334,293463
1490.92,V,-1.28,-1.32,221631,288704
1491.02,IV,-1.89,-1.97,157930,224998
1492.88,V,-1.44,-1.50,222940,289925
1493.13,IV,-2.11,-2.14,138479,205453
1493.47,V,-2.28,-2.29,228335,295293
1500.11,V,-1.06,-1.09,222042,288704
1508.43,V,-0.87,-0.90,255482,321776
1509.03,V,-2.35,-2.33,227195,293463
1514.86,V,-1.69,-1.72,255763,321776
1515.44,IV,-1.89,-1.97,148180,214167
1515.67,V,-2.48,-2.49,286575,352553
1520.12,V,-1.89,-1.95,260880,326664
1525.77,V,-2.22,-2.30,256235,321776
1529.81,IV,-1.62,-1.64,135951,201319
1531.12,V,-0.93,-0.95,221631,286943
1531.39,IV,-1.99,-2.05,148180,213480
1533.62,IV,-2.07,-2.09,138479,203685
1535.36,IV,-1.69,-1.71,160919,226050
1535.91,V,-1.26,-1.25,255763,320871
1537.60,V,-1.19,-1.18,231997,297033
1539.75,V,-1.54,-1.61,255763,320709
1540.98,V,-1.91,-1.97,222042,286936
1543.24,V,-2.13,-2.02,231997,296796
1546.49,IV,-2.22,-2.24,157075,221737
1551.02,V,-1.19,-1.12,256235,320709
1553.97,IV,-1.60,-1.64,157075,221426
1555.48,IV,-1.05,-1.08,149191,213480
1555.71,V,-0.79,-0.82,255763,320043
1557.86,IV,-1.88,-1.92,157930,222120
1558.93,IV,-0.67,-0.70,160886,225033
1562.60,V,-2.23,-2.30,222940,286936
1563.20,V,-1.78,-1.83,221631,285603
1567.22,V,-1.68,-1.70,256235,320043
1573.30,V,-1.56,-1.62,222042,285603
1575.58,V,-1.74,-1.78,235903,299372
1575.74,V,-2.46,-2.45,231831,295293
1577.54,IV,-1.23,-1.27,148180,211570
1579.87,V,-2.28,-2.20,231997,295293
1592.96,V,-2.19,-2.20,235599,298375
1595.14,IV,-1.11,-1.13,160919,223609
1597.62,IV,-2.15,-2.22,151574,214167
1604.11,V,-2.22,-2.26,237032,299372
1605.09,V,-1.09,-1.14,221631,283933
1606.93,IV,-1.84,-1.87,151250,213480
1615.37,IV,-2.32,-2.36,151574,213480
1619.62,V,-0.72,-0.74,256235,317978
1619.74,V,-1.51,-1.53,255482,317220
1620.24,IV,-1.88,-1.90,148180,209899
1627.15,V,-2.00,-2.01,255763,317220
1627.44,V,-2.01,-2.08,291107,352553
1627.75,V,-1.52,-1.58,235599,297033
1630.18,V,-1.71,-1.72,237032,298375
1634.06,V,-2.39,-2.33,235599,296796
1635.02,V,-1.80,-1.83,255482,316643
1636.54,V,-2.26,-2.28,255482,316586
1637.64,V,-1.61,-1.60,255763,316827
1639.44,IV,-1.82,-1.85,149191,210187
1650.40,V,-2.38,-2.40,256235,316827
1659.28,V,-1.70,-1.72,285523,345790
1663.85,V,-2.21,-2.21,285523,345624
1666.79,IV,-1.39,-1.41,151574,211570
1669.30,V,-2.20,-2.22,285885,345790
1671.49,V,-2.01,-2.04,236969,296796
1673.93,V,-1.69,-1.74,285885,345624
1675.19,V,-2.31,-2.37,235599,295293
1677.12,V,-1.49,-1.57,286575,346201
1677.71,V,-2.14,-2.17,256235,315840
1679.85,V,-2.48,-2.38,239843,299372
1681.33,V,-2.47,-2.48,255482,314958
1682.40,V,-1.91,-1.93,235730,295168
1684.68,V,-1.69,-1.68,256235,315594
1687.43,V,-1.76,-1.81,285885,345146
1687.80,V,-1.76,-1.81,285523,344771
1689.33,V,-1.97,-2.04,255763,314958
1690.67,V,-1.67,-1.60,286575,345723
1693.51,V,-2.35,-2.37,286575,345624
1698.17,V,-1.76,-1.77,285885,344771
1703.12,V,-1.68,-1.68,255482,314197
1706.42,V,-2.26,-2.28,256235,314838
1707.33,V,-1.48,-1.48,286575,345146
