#Table29: Reduced Cu transitions according to the criteria and results obtained in Sect. 11
#
#wavelength/Angstrom, Ion, log(gf)_TOSS, log(gf)_Kurucz, E_low/cm^-1, E_up/cm^-1
#
900.05,VI,-2.35,-2.26,309046,420151
900.85,IV,-1.63,-1.52,200720,311727
901.44,V,-2.29,-2.28,200648,311582
901.72,IV,-2.47,-2.34,228480,339379
902.91,VI,-1.93,-1.85,309111,419864
903.27,V,-2.38,-2.30,229774,340483
905.02,IV,-0.96,-1.03,228480,338975
905.59,V,-2.32,-2.32,201413,311838
906.07,VI,-1.63,-1.58,308998,419365
906.13,V,-2.26,-2.23,199441,309801
906.38,IV,-1.60,-1.49,229064,339393
906.46,VI,-1.99,-1.97,309046,419365
906.67,V,-2.41,-2.36,201413,311706
906.70,IV,-2.35,-2.21,200720,311011
906.96,V,-1.71,-1.69,227801,338059
907.00,VI,-2.10,-2.03,309111,419365
907.87,VI,-1.44,-1.39,322792,432939
908.22,V,-2.47,-2.42,200648,310754
908.33,IV,-1.01,-0.98,218628,328720
908.79,VI,-1.44,-1.44,322805,432841
909.14,IV,-1.43,-1.45,218726,328720
909.82,IV,-1.14,-1.02,217445,327357
910.28,V,-2.07,-2.05,201850,311706
910.88,IV,-1.58,-1.52,214835,324619
910.95,IV,-1.21,-1.23,218945,328720
911.28,IV,-1.03,-1.08,217621,327357
912.09,IV,-2.00,-1.96,222398,332036
912.37,V,-2.39,-2.36,229774,339378
914.27,V,-1.62,-1.59,199441,308818
914.44,IV,-0.82,-0.91,218000,327357
914.57,V,-2.13,-2.08,201413,310754
914.77,IV,-2.12,-2.20,219403,328720
915.09,V,-1.85,-1.82,243140,352419
915.59,IV,-1.00,-0.91,218138,327357
916.14,V,-1.90,-1.86,200648,309801
917.64,VI,-2.45,-2.41,322792,431767
919.13,V,-1.22,-1.18,256272,365071
919.13,V,-2.20,-2.08,256273,365071
921.95,VI,-1.57,-1.52,309046,417512
922.15,IV,-2.35,-2.24,201211,309653
922.39,VI,-2.17,-2.13,322805,431218
922.65,V,-2.20,-2.22,199441,307825
923.07,V,-1.36,-1.30,256272,364607
923.15,V,-2.12,-2.06,278380,386705
923.54,IV,-1.74,-1.68,201211,309490
924.77,IV,-1.85,-1.90,203140,311274
924.98,VI,-1.25,-1.26,309111,417221
925.05,VI,-2.26,-2.18,308998,417100
925.07,VI,-2.40,-2.37,299256,407356
926.02,VI,-1.67,-1.80,309111,417100
926.89,V,-1.54,-1.56,228048,335935
928.37,IV,-2.43,-2.48,216703,324419
929.33,V,-2.41,-2.40,239615,347219
929.96,IV,-1.67,-1.68,221650,329182
930.98,VI,-1.13,-1.15,308998,416411
931.30,VI,-2.39,-2.32,299282,406659
931.60,V,-2.46,-2.47,200648,307991
932.03,IV,-1.81,-1.76,202361,309653
932.97,IV,-2.09,-2.00,215133,322317
933.50,V,-0.89,-0.83,256273,363397
934.34,VI,-2.24,-2.35,308998,416025
934.74,IV,-0.49,-0.55,221739,328720
935.69,VI,-0.88,-0.89,322877,429750
936.42,IV,-1.82,-1.72,215734,322524
936.46,VI,-2.14,-2.10,322792,429578
936.99,IV,-2.33,-2.36,203140,309865
937.15,IV,-2.18,-2.28,214835,321542
937.43,V,-1.99,-1.96,199441,306116
939.50,IV,0.34,0.39,220917,327357
940.54,IV,0.21,0.26,222398,328720
941.51,VI,-2.08,-1.99,309046,415258
941.82,IV,-1.48,-1.53,225859,332036
942.89,V,-2.11,-1.98,226889,332946
943.13,V,-1.90,-1.93,200648,306678
943.29,V,-1.77,-1.79,199441,305453
943.91,V,-1.20,-1.18,246477,352419
944.55,V,-1.00,-0.93,256272,362143
944.56,V,-1.34,-1.29,256273,362143
945.14,IV,-2.07,-1.94,218815,324619
945.23,V,-2.49,-2.49,246624,352419
945.90,IV,-0.89,-0.78,223000,328720
945.98,IV,-1.86,-1.79,217445,323155
946.29,IV,-1.81,-1.83,233299,338975
946.74,VI,-1.06,-1.08,322805,428431
947.18,V,-2.01,-2.05,201413,306989
948.16,V,-1.57,-1.54,200648,306116
949.16,IV,-2.07,-2.05,190554,295910
949.98,V,-1.82,-1.82,201413,306678
950.02,VI,-1.74,-1.68,250877,356137
950.10,VI,-2.29,-2.25,309046,414299
950.45,V,-2.30,-2.40,199441,304655
950.66,IV,-1.94,-1.95,192741,297931
951.12,V,-1.99,-2.03,201850,306989
951.50,IV,-1.55,-1.41,223623,328720
951.80,IV,-2.15,-2.28,216071,321135
952.75,IV,-1.35,-1.29,222398,327357
953.54,IV,-1.13,-1.19,217445,322317
953.94,V,-1.93,-1.99,201850,306678
954.14,V,-1.64,-1.63,246624,351431
954.15,V,-2.24,-2.27,200648,305453
954.56,V,-2.34,-2.32,236059,340820
954.58,V,-1.74,-1.85,199441,304199
954.94,IV,-2.29,-2.29,242530,347249
955.08,V,-1.73,-1.73,201413,306116
955.27,V,-2.15,-2.13,236040,340723
955.44,V,-1.95,-1.92,236059,340723
955.57,IV,-0.27,-0.21,224071,328720
956.25,VI,-1.81,-1.86,322792,427367
956.58,VI,-0.94,-0.95,322792,427331
956.97,IV,-2.02,-2.02,193434,297931
957.05,V,-1.75,-1.73,236331,340820
957.26,V,-2.32,-2.25,226889,331354
957.36,IV,-2.13,-2.03,215133,319587
957.46,V,-2.45,-2.45,236040,340483
957.93,V,-2.34,-2.32,236331,340723
958.01,VI,-1.30,-1.24,250877,355259
958.09,V,-2.45,-2.46,236109,340483
958.61,IV,-2.36,-2.48,218000,322317
959.51,IV,-0.68,-0.70,243029,347249
959.60,IV,-1.97,-1.97,218945,323155
959.96,IV,-2.19,-2.23,192741,296912
960.17,IV,-2.18,-2.23,191762,295910
960.43,IV,-2.21,-2.26,193434,297554
960.84,V,-2.47,-2.40,222401,326477
961.33,V,-1.37,-1.35,234036,338059
961.63,VI,-1.16,-1.09,299143,403133
962.68,VI,-2.25,-2.16,299256,403133
963.02,VI,-2.00,-1.97,299293,403133
963.09,IV,-1.98,-2.05,192741,296573
963.11,VI,-1.64,-1.58,299256,403087
963.34,V,-2.20,-2.18,236040,339846
963.35,VI,-1.72,-1.68,299282,403087
963.43,V,-1.93,-1.93,239541,343337
963.45,VI,-2.16,-2.10,299293,403087
963.69,V,-1.41,-1.33,199441,303209
963.97,VI,-1.62,-1.57,299251,402989
963.98,V,-2.28,-2.26,236109,339846
964.26,VI,-2.26,-2.21,299282,402989
964.30,IV,-1.73,-1.81,220917,324619
964.36,VI,-2.30,-2.23,299293,402989
964.45,V,-1.96,-1.97,239615,343301
964.80,IV,0.29,0.38,203869,307517
965.07,IV,-1.40,-1.26,217445,321064
965.66,IV,-1.69,-1.55,228480,332036
965.71,V,-2.16,-2.26,200648,304199
965.97,IV,-1.35,-1.37,243725,347249
966.16,IV,-1.58,-1.63,218815,322317
966.90,IV,-1.35,-1.27,218628,322051
966.98,V,-2.22,-2.18,228020,331435
967.37,IV,-1.50,-1.41,218945,322317
967.74,IV,-1.53,-1.57,225387,328720
967.88,V,-2.23,-2.19,236059,339378
968.07,IV,0.21,0.29,203869,307167
968.85,VI,-2.26,-2.14,309111,412326
969.39,IV,-1.70,-1.74,192753,295910
969.80,IV,0.03,0.10,203869,306983
969.87,IV,-1.77,-1.70,218945,322051
970.71,IV,-0.97,-0.95,221602,324619
972.19,IV,-0.84,-0.85,225859,328720
972.33,IV,-2.15,-2.08,190554,293399
972.37,VI,-1.80,-1.83,299293,402134
972.47,V,-2.40,-2.39,200648,303479
972.93,IV,-2.02,-2.05,218000,320782
972.95,IV,-1.87,-1.87,194132,296912
973.21,VI,-1.83,-1.86,322792,425544
973.34,VI,-1.43,-1.42,322805,425544
973.95,IV,-1.57,-1.56,216071,318746
975.03,V,-2.12,-2.00,200648,303209
975.65,IV,-0.52,-0.54,244753,347249
975.91,IV,-2.18,-2.14,195086,297554
976.06,V,-1.75,-1.70,256272,358725
976.07,IV,-1.53,-1.51,217445,319896
976.10,IV,-1.50,-1.44,226271,328720
976.19,IV,-2.17,-2.05,216071,318510
977.20,IV,-1.50,-1.50,222398,324731
977.28,IV,-0.74,-0.64,218628,320953
977.76,IV,-1.50,-1.57,217621,319896
977.97,V,-2.16,-2.14,220623,322876
978.27,IV,-0.27,-0.36,222398,324619
978.44,IV,-0.70,-0.64,222527,324731
978.58,IV,-2.01,-1.95,217079,319268
978.65,IV,-0.98,-1.01,227160,329341
979.00,V,-2.47,-2.37,199441,301587
979.23,VI,-0.76,-0.76,299143,401264
979.25,IV,-1.73,-1.88,218945,321064
979.51,IV,-2.04,-2.01,222527,324619
979.97,IV,-0.04,0.04,245204,347249
980.31,VI,-1.26,-1.26,299256,401264
980.67,VI,-2.26,-2.21,299293,401264
980.68,IV,-0.59,-0.57,225387,327357
981.39,IV,-1.25,-1.38,218000,319896
981.77,IV,-2.19,-2.16,195055,296912
981.86,V,-1.90,-1.84,229588,331435
982.06,IV,-2.08,-2.12,195086,296912
982.26,V,-1.85,-1.75,220938,322744
982.32,IV,0.29,0.33,230236,332036
982.53,IV,-1.77,-1.85,194132,295910
982.94,IV,-1.51,-1.37,220316,322051
983.02,IV,-1.54,-1.54,195827,297554
983.24,IV,-0.33,-0.37,230331,332036
983.43,V,-2.45,-2.42,236331,338016
983.52,V,-2.38,-2.32,256273,357948
984.32,IV,-2.39,-2.47,225387,326980
984.38,IV,-2.19,-2.30,218000,319587
984.45,V,-1.72,-1.66,229774,331354
984.53,IV,-1.41,-1.38,194339,295910
984.74,IV,-0.50,-0.39,219403,320953
984.83,VI,-1.13,-1.20,322792,424333
986.50,IV,-1.39,-1.36,195544,296912
986.80,IV,-1.37,-1.22,190528,291865
986.98,V,-2.39,-2.37,228020,329340
987.10,VI,-0.76,-0.77,299256,400563
987.15,IV,-2.44,-2.47,217445,318746
987.36,VI,-2.05,-2.03,299282,400563
987.36,IV,-1.76,-1.84,214319,315599
987.46,VI,-1.14,-1.15,299293,400563
987.81,V,-2.39,-2.30,228105,329340
989.04,IV,-0.32,-0.28,223623,324731
989.26,IV,-2.11,-2.14,195827,296912
990.02,IV,-2.07,-2.12,190554,291562
990.88,V,-1.90,-1.96,221272,322192
991.25,V,-1.21,-1.19,235053,335935
991.38,IV,-2.35,-2.25,221739,322608
991.52,IV,-1.24,-1.21,195055,295910
991.80,VI,-1.58,-1.57,322792,423618
992.33,IV,-1.42,-1.51,192741,293514
992.45,IV,-1.54,-1.44,227960,328720
992.89,IV,-1.16,-1.04,221602,322317
993.58,IV,-1.82,-1.71,192753,293399
993.73,VI,-2.10,-2.08,299251,399881
993.79,IV,-1.14,-1.17,220917,321542
994.04,VI,-1.09,-1.10,299282,399881
994.10,IV,-1.15,-1.28,190554,291147
994.15,VI,-0.75,-0.75,299293,399881
994.23,IV,-1.94,-1.82,193434,294015
994.33,IV,-2.42,-2.33,233299,333869
994.75,V,-2.20,-2.27,221664,322192
995.09,IV,-2.27,-2.21,219403,319896
995.12,V,-2.08,-2.12,226889,327380
995.28,V,-1.20,-1.12,222401,322876
995.37,IV,-0.32,-0.44,215133,315599
995.70,V,-2.20,-2.11,200648,301081
996.35,IV,-2.04,-2.04,195544,295910
996.69,VI,-2.08,-2.18,322792,423124
996.77,IV,-1.46,-1.32,218945,319268
996.88,IV,-1.29,-1.28,221739,322051
997.67,V,-2.00,-1.97,230532,330765
998.00,V,-2.31,-2.22,219203,319404
998.04,V,-1.83,-1.84,243140,343337
998.08,IV,-1.29,-1.28,191762,291954
998.16,IV,-1.73,-1.58,219403,319587
998.16,VI,-1.17,-1.18,299251,399435
998.39,IV,-1.56,-1.64,217650,317811
998.48,IV,-1.10,-1.09,214835,314988
998.48,VI,-0.67,-0.68,299282,399435
998.53,IV,-1.02,-1.13,220917,321064
998.74,IV,-1.00,-0.86,222398,322524
999.33,VI,-1.58,-1.57,322792,422859
999.51,VI,-1.40,-1.55,322792,422841
999.58,VI,-2.44,-2.43,322792,422834
1000.01,IV,-0.86,-0.89,190554,290553
1000.03,IV,0.19,0.11,222527,322524
1000.10,V,-1.90,-1.85,222886,322876
1000.19,VI,-1.05,-0.99,322877,422859
1000.24,IV,-2.38,-2.49,226271,326248
1000.60,IV,0.46,0.52,221602,321542
1000.66,IV,-0.73,-0.65,213360,313295
1000.82,IV,-0.75,-0.82,190528,290445
1001.35,IV,-1.21,-1.06,219403,319268
1001.36,IV,-0.38,-0.36,215734,315599
1001.36,IV,-0.38,-0.36,215734,315599
1001.38,VI,-0.70,-0.84,299251,399113
1001.42,V,-2.44,-2.41,222886,322744
1001.45,IV,-0.30,-0.25,215133,314988
1002.40,IV,-0.92,-0.97,213535,313295
1002.49,V,-1.49,-1.44,229588,329340
1002.55,V,-2.46,-2.38,223477,323222
1002.81,V,-1.59,-1.55,219203,318923
1003.17,IV,0.02,0.11,220917,320601
1003.33,V,-2.33,-2.28,201413,301081
1003.45,IV,-2.34,-2.24,229064,328720
1003.48,IV,-0.92,-0.82,222398,322051
1003.54,IV,-1.50,-1.45,229694,329341
1003.72,IV,-0.71,-0.73,213665,313295
1004.14,IV,-2.30,-2.20,193434,293022
1005.38,VI,-2.09,-2.00,322805,422270
1005.41,IV,-0.27,-0.20,221602,321064
1005.74,V,-2.03,-1.95,230532,329961
1005.76,IV,-1.22,-1.24,214835,314262
1005.81,IV,-0.79,-0.73,213535,312957
1006.37,IV,-0.69,-0.55,217650,317017
1006.98,V,-0.78,-0.72,222886,322192
1007.13,IV,-0.26,-0.20,213665,312957
1007.34,V,-2.28,-2.27,221664,320935
1007.50,V,-1.11,-1.07,223214,322470
1007.56,V,-1.84,-1.73,223214,322464
1007.90,IV,-2.32,-2.22,231825,331042
1008.05,IV,-0.91,-0.97,192753,291954
1008.76,VI,-1.34,-1.41,309046,408178
1008.78,IV,-1.41,-1.29,215133,314262
1008.85,IV,-0.65,-0.77,191762,290885
1008.94,IV,-0.36,-0.48,190528,289642
1009.12,V,-2.18,-2.16,265975,365071
1009.14,VI,-1.53,-1.47,299282,398377
1009.16,V,-1.43,-1.38,223477,322569
1009.24,IV,-2.03,-2.04,218726,317811
1009.25,VI,-1.86,-1.79,299293,398377
1009.64,IV,-0.51,-0.52,190528,289573
1009.75,V,-1.31,-1.45,226889,325923
1009.90,IV,0.16,0.24,190554,289573
1009.98,IV,-0.17,-0.20,191762,290774
1010.11,IV,-1.17,-1.09,221602,320601
1010.17,V,-1.83,-1.80,223477,322470
1010.21,IV,-0.66,-0.64,192741,291730
1010.31,IV,-0.55,-0.40,220917,319896
1010.33,V,-1.90,-1.88,223214,322192
1010.35,IV,0.01,0.01,190554,289530
1011.02,V,-1.81,-1.72,222886,321796
1011.23,IV,-1.97,-1.90,194132,293022
1011.36,IV,-2.33,-2.25,228480,327357
1011.37,IV,-1.22,-1.19,222666,321542
1011.84,IV,-0.34,-0.38,192741,291571
1012.06,IV,-0.54,-0.49,192753,291562
1012.24,IV,0.08,0.22,191762,290553
1012.79,IV,0.11,0.13,233299,332036
1012.83,IV,-0.99,-0.91,198179,296912
1012.86,VI,-1.18,-1.12,299293,398023
1013.16,IV,-1.84,-1.95,213360,312061
1013.52,IV,-0.14,-0.07,222398,321064
1013.81,IV,-0.89,-0.88,214319,312957
1013.86,V,-1.94,-1.88,256272,354905
1013.87,V,-2.08,-2.04,265975,364607
1013.89,V,-1.73,-1.72,226889,325519
1014.25,IV,-1.07,-1.14,218138,316732
1014.35,IV,-0.54,-0.49,197325,295910
1014.69,V,-2.40,-2.28,221664,320216
1014.73,IV,-1.75,-1.62,213535,312083
1014.76,IV,-1.22,-1.19,192753,291299
1014.85,IV,-1.42,-1.41,222527,321064
1014.94,IV,-0.72,-0.68,215734,314262
1015.03,IV,-0.80,-0.89,217079,315599
1015.04,V,-1.98,-1.94,239541,338059
1015.55,IV,0.53,0.59,222666,321135
1015.56,IV,-1.75,-1.72,217445,315912
1015.98,IV,-1.14,-1.26,195086,293514
1016.07,IV,-0.28,-0.21,214835,313253
1016.30,IV,-1.78,-1.67,213665,312061
1016.32,IV,-0.32,-0.41,192753,291147
1016.38,IV,-1.69,-1.78,230331,328720
1016.38,IV,-1.69,-1.78,230331,328720
1016.61,IV,-0.83,-0.71,213360,311727
1016.69,VI,-2.15,-2.10,308998,407356
1017.16,V,-2.32,-2.33,226311,324624
1017.18,IV,-0.10,0.02,214319,312630
1017.22,IV,-0.43,-0.50,194132,292440
1017.34,IV,0.17,0.22,193434,291730
1017.39,IV,-1.88,-1.90,217621,315912
1017.39,IV,-1.56,-1.64,218726,317017
1017.55,V,-2.34,-2.31,256272,354548
1017.69,VI,-0.95,-0.89,299143,397404
1017.85,IV,-0.84,-0.87,221650,319896
1017.86,VI,-2.09,-2.02,309111,407356
1018.03,V,-1.28,-1.20,223214,321443
1018.45,IV,-1.91,-1.93,195827,294015
1018.45,IV,0.02,0.05,214413,312602
1018.64,IV,0.64,0.69,190528,288698
1018.84,V,-1.18,-1.11,223214,321365
1018.87,VI,-1.06,-1.00,299256,397404
1018.98,IV,0.23,0.28,215734,313872
1018.99,IV,-0.52,-0.47,193434,291571
1019.12,IV,-0.86,-0.72,215133,313257
1019.26,VI,-1.26,-1.39,322805,420915
1019.35,IV,-0.79,-0.71,221602,319704
1019.71,V,-2.07,-2.09,223376,321443
1020.07,IV,-0.21,-0.13,192741,290774
1020.28,IV,0.32,0.38,190554,288566
1020.87,IV,-0.90,-0.82,199599,297554
1020.90,IV,-0.64,-0.67,223000,320953
1021.08,IV,-0.26,-0.17,222666,320601
1021.27,IV,-1.55,-1.62,193948,291865
1021.57,V,-1.88,-1.83,223477,321365
1022.19,IV,0.53,0.58,220917,318746
1022.55,IV,-0.91,-1.00,214835,312630
1022.55,IV,-0.91,-1.00,214835,312630
1022.83,IV,-0.09,0.01,191762,289530
1022.85,V,-2.13,-2.08,256273,354039
1023.12,V,-2.43,-2.41,221664,319404
1023.22,IV,0.33,0.39,198179,295910
1023.44,IV,-0.72,-0.67,199202,296912
1023.76,IV,-1.53,-1.61,214319,311998
1023.76,IV,-1.53,-1.50,214319,311998
1023.82,VI,-1.27,-1.22,299256,396929
1024.10,VI,-2.05,-1.98,299282,396929
1024.13,IV,-0.68,-0.79,216071,313715
1024.21,VI,-2.41,-2.40,299293,396929
1024.26,IV,-0.22,-0.10,214835,312467
1024.50,IV,0.15,0.21,191762,289370
1024.53,V,-1.65,-1.68,229774,327380
1024.62,V,-1.24,-1.17,223477,321074
1024.80,IV,-0.25,-0.14,214835,312416
1024.97,IV,-0.32,-0.30,218628,316192
1025.00,IV,-1.07,-1.01,218631,316192
1025.19,IV,0.19,0.11,217445,314988
1025.24,IV,0.04,0.16,241855,339393
1025.40,IV,-0.34,-0.31,215734,313257
1025.44,IV,0.49,0.52,215734,313253
1025.51,IV,-1.02,-1.02,213665,311177
1025.53,V,-1.85,-1.81,265886,363397
1025.88,IV,-2.14,-2.01,195544,293022
1025.89,IV,-1.88,-1.88,213535,311011
1025.90,IV,-1.02,-0.93,222666,320142
1026.00,IV,0.02,0.02,218726,316192
1026.08,V,-1.61,-1.50,223477,320935
1026.71,V,-0.68,-0.63,234036,331435
1026.80,IV,-0.16,-0.20,222603,319993
1026.98,V,-1.44,-1.45,256273,353646
1027.02,IV,-0.72,-0.65,195544,292913
1027.05,IV,-0.76,-0.64,217621,314988
1027.05,VI,-1.97,-1.92,299251,396617
1027.13,IV,-0.92,-0.95,224959,322317
1027.27,IV,-1.85,-1.70,213665,311011
1027.30,V,-2.42,-2.37,243140,340483
1027.38,VI,-2.31,-2.25,299282,396617
1027.39,IV,0.11,0.19,215133,312467
1027.44,IV,-0.54,-0.54,223623,320953
1027.44,IV,-0.54,-0.54,223623,320953
1027.49,VI,-1.04,-0.99,299293,396617
1027.61,IV,0.21,0.27,199599,296912
1027.61,IV,-0.29,-0.30,214413,311727
1027.69,V,-2.47,-2.47,226311,323617
1027.79,IV,0.19,0.19,225859,323155
1028.18,V,-1.94,-1.88,221664,318923
1028.45,IV,-0.77,-0.78,242530,339764
1028.46,IV,-0.16,-0.10,192741,289974
1028.57,IV,-0.84,-0.81,194339,291562
1028.67,V,-2.10,-2.03,256272,353486
1028.81,IV,-2.13,-2.19,193948,291147
1028.85,V,-1.60,-1.52,226311,323506
1028.92,IV,0.20,0.06,222398,319587
1029.06,IV,0.87,0.92,222527,319704
1029.20,IV,0.26,0.28,214835,311998
1029.39,IV,-1.20,-1.16,221602,318746
1029.52,IV,-0.44,-0.49,243029,340162
1030.01,IV,0.53,0.59,195827,292913
1030.17,IV,-0.75,-0.69,200483,297554
1030.27,IV,0.14,0.19,190528,287589
1030.55,IV,0.48,0.52,190554,287589
1031.05,IV,0.02,0.02,218000,314988
1031.24,IV,-0.63,-0.54,218628,315599
1031.41,IV,-0.15,-0.09,195684,292639
1031.87,IV,-0.12,-0.12,195086,291997
1031.90,IV,0.93,0.99,221602,318510
1031.91,IV,0.84,0.89,214835,311743
1031.96,V,-1.99,-1.97,222401,319304
1032.03,IV,-1.39,-1.53,215734,312630
1032.03,IV,-1.39,-1.53,215734,312630
1032.10,V,-2.02,-2.13,229588,326477
1032.11,IV,0.43,0.40,192753,289642
1032.34,V,-2.28,-2.32,227801,324668
1032.36,IV,0.25,0.31,215133,311998
1032.39,IV,0.15,0.21,242530,339393
1032.41,V,-1.27,-1.20,246477,343337
1032.41,IV,-0.83,-0.70,214413,311274
1032.44,IV,-1.08,-1.09,214319,311177
1032.69,IV,0.19,0.25,200720,297554
1032.80,V,-1.88,-1.83,246477,343301
1032.84,IV,0.21,0.27,192753,289573
1032.87,IV,-0.56,-0.44,217445,314262
1033.01,IV,0.15,0.18,191762,288566
1033.14,IV,-0.67,-0.66,217079,313872
1033.15,IV,0.58,0.64,190528,287320
1033.18,IV,-1.23,-1.22,219403,316192
1033.23,IV,-0.37,-0.36,218815,315599
1033.28,IV,0.29,0.29,243029,339809
1033.30,IV,0.22,0.29,192753,289530
1033.42,IV,-0.18,-0.17,190554,287320
1033.56,IV,0.25,0.29,194132,290885
1033.56,IV,0.25,0.29,194132,290885
1033.70,IV,-1.36,-1.39,232442,329182
1033.74,V,-1.93,-2.05,230532,327268
1033.75,IV,0.07,0.17,243029,339764
1033.78,IV,-1.26,-1.33,215734,312467
1034.04,IV,-0.36,-0.35,199202,295910
1034.05,IV,-0.22,-0.24,195932,292639
1034.16,IV,-0.18,-0.14,213360,310057
1034.21,IV,-1.54,-1.68,214319,311011
1034.32,IV,0.35,0.41,215734,312416
1034.37,V,-1.51,-1.45,246624,343301
1034.49,IV,-0.23,-0.31,222603,319268
1034.62,IV,0.15,0.19,218945,315599
1034.72,IV,-0.25,-0.16,195086,291730
1034.76,IV,0.07,0.08,194132,290774
1034.88,IV,-0.02,0.02,192741,289370
1034.92,IV,0.45,0.48,250623,347249
1035.38,IV,-1.21,-1.11,224959,321542
1035.49,VI,-0.57,-0.71,322792,419365
1035.57,V,-0.54,-0.52,226311,322876
1035.84,IV,-0.16,-0.11,193434,289974
1036.03,IV,-0.85,-0.78,213535,310057
1036.20,IV,0.77,0.82,195055,291562
1036.22,IV,0.03,0.05,213360,309865
1036.30,IV,-1.20,-1.17,193948,290445
1036.43,IV,-0.22,-0.26,195086,291571
1036.47,IV,-1.05,-0.96,214319,310800
1036.70,VI,-2.07,-1.98,309046,405506
1036.77,IV,-1.25,-1.22,195544,291997
1036.88,IV,0.38,0.42,216071,312515
1037.03,IV,-0.62,-0.61,200483,296912
1037.13,IV,0.16,0.14,194132,290553
1037.15,V,-2.35,-2.30,222886,319304
1037.41,V,-2.38,-2.41,239541,335935
1037.53,V,-1.92,-1.87,235053,331435
1037.67,IV,-1.38,-1.26,223623,319993
1037.88,VI,-2.26,-2.14,299251,395601
1037.90,IV,-1.05,-1.03,222398,318746
1037.95,IV,-1.00,-0.98,216071,312416
1038.10,IV,0.05,0.11,213535,309865
1038.20,V,-1.96,-1.91,239615,335935
1038.28,IV,0.00,-0.01,195684,291997
1038.30,IV,-0.72,-0.70,199599,295910
1038.32,V,-1.19,-1.19,256272,352582
1038.58,IV,-1.51,-1.54,198179,294464
1038.89,V,-1.82,-1.78,265886,362143
1039.33,IV,-0.87,-0.76,217079,313295
1039.36,IV,0.08,0.01,195086,291299
1039.50,IV,-0.85,-0.78,213665,309865
1039.55,IV,-0.16,-0.09,219403,315599
1039.58,IV,-1.79,-1.77,225859,322051
1039.58,IV,-1.79,-1.77,225859,322051
1039.58,IV,-0.65,-0.61,200720,296912
1039.58,IV,-0.65,-0.61,200720,296912
1039.61,V,-1.61,-1.58,223214,319404
1039.65,IV,-0.94,-0.87,195544,291730
1039.74,IV,-0.01,0.02,217079,313257
1039.82,IV,-0.57,-0.48,195827,291997
1039.85,V,-1.74,-1.68,265975,362143
1040.03,VI,-0.48,-0.55,299256,395407
1040.04,V,-1.32,-1.30,229774,325923
1040.08,V,-1.22,-1.18,256272,352419
1040.31,VI,-1.66,-1.74,299282,395407
1040.31,IV,-0.20,-0.16,213932,310057
1040.38,IV,0.37,0.43,213535,309653
1040.43,VI,-0.94,-1.02,299293,395407
1040.52,IV,0.85,0.92,194339,290445
1040.55,VI,-1.57,-1.53,309111,405214
1040.68,IV,-1.44,-1.41,200483,296573
1040.86,V,-1.54,-1.44,227543,323617
1040.86,IV,-1.42,-1.35,197325,293399
1041.17,IV,-1.14,-1.15,195684,291730
1041.25,IV,-0.03,0.12,243725,339764
1041.26,V,-1.79,-1.75,222886,318923
1041.36,V,-2.19,-2.10,223376,319404
1041.80,IV,0.08,0.13,213665,309653
1042.01,V,-2.49,-2.46,190100,286069
1042.06,IV,-1.13,-1.17,223623,319587
1042.11,V,-1.97,-1.93,189587,285546
1042.25,IV,0.43,0.54,243029,338975
1042.30,V,-1.75,-1.73,220208,316149
1042.36,IV,-1.51,-1.43,193434,289370
1042.44,V,-1.92,-1.90,221272,317201
1042.45,V,-2.05,-2.03,223477,319404
1042.46,IV,-0.23,-0.14,216071,311998
1042.51,IV,-0.56,-0.58,224071,319993
1042.72,IV,-0.32,-0.32,195827,291730
1043.06,IV,-1.78,-1.78,218000,313872
1043.26,IV,-1.03,-1.15,200720,296573
1043.36,IV,-0.86,-0.75,222666,318510
1043.51,IV,-0.53,-0.52,195055,290885
1043.54,IV,-1.35,-1.45,191762,287589
1043.56,IV,0.59,0.64,213665,309490
1043.68,IV,0.14,0.14,220917,316732
1043.75,IV,0.02,0.10,217445,313253
1044.06,IV,0.25,0.27,226271,322051
1044.34,IV,-0.02,0.07,195544,291299
1044.45,IV,-2.18,-2.12,195827,291571
1044.49,IV,0.95,1.00,193948,289688
1044.80,V,-1.24,-1.24,235053,330765
1044.84,V,-2.49,-2.46,223214,318923
1044.87,V,-1.29,-1.31,227801,323506
1044.92,IV,-1.07,-1.03,201211,296912
1045.06,V,-1.74,-1.70,188833,284521
1045.15,V,-2.33,-2.22,226889,322569
1045.22,IV,-1.34,-1.33,217621,313295
1045.24,IV,-0.29,-0.16,216071,311743
1045.29,IV,0.10,0.05,229064,324731
1045.29,IV,0.10,0.05,229064,324731
1045.29,IV,0.10,0.05,229064,324731
1045.29,IV,0.38,0.44,215133,310800
1045.29,IV,0.38,0.44,215133,310800
1045.29,IV,0.38,0.44,215133,310800
1045.61,IV,-0.30,-0.43,228480,324118
1045.75,IV,-1.36,-1.29,193948,289573
1046.35,IV,-0.02,0.05,202361,297931
1046.36,V,-1.15,-1.24,228048,323617
1046.50,IV,0.94,0.99,216071,311628
1046.79,IV,-1.87,-2.00,220316,315846
1046.88,IV,-0.75,-0.87,217079,312602
1046.99,IV,-1.97,-1.95,217445,312957
1047.14,IV,0.21,0.25,195055,290553
1047.21,IV,-0.86,-0.81,217109,312602
1047.23,IV,0.33,0.39,244671,340162
1047.43,IV,-0.51,-0.41,195827,291299
1047.69,IV,0.37,0.42,218815,314262
1048.12,IV,0.30,0.38,244753,340162
1048.25,IV,-1.35,-1.41,194132,289530
1048.28,IV,0.79,0.81,225387,320782
1048.36,IV,-0.14,0.01,217079,312467
1048.44,IV,-0.49,-0.46,216703,312083
1048.63,IV,0.22,0.28,201211,296573
1048.80,IV,0.34,0.36,244417,339764
1048.94,IV,-1.16,-1.11,214319,309653
1048.94,IV,-1.16,-1.11,214319,309653
1048.95,V,-1.16,-1.15,227543,322876
1049.13,IV,0.42,0.47,218945,314262
1049.29,IV,-0.48,-0.50,194339,289642
1049.74,IV,-0.97,-0.92,199202,294464
1049.83,IV,-0.90,-0.77,218000,313253
1049.93,V,-2.42,-2.42,236109,331354
1049.94,IV,0.24,0.31,218628,313872
1050.05,IV,0.36,0.41,194339,289573
1050.30,V,-1.92,-1.90,220938,316149
1050.40,V,-2.11,-2.00,227543,322744
1050.61,IV,0.94,0.99,224959,320142
1050.73,IV,-0.06,-0.01,214319,309490
1050.89,V,-1.30,-1.26,256273,351431
1051.26,IV,-0.11,-0.08,218171,313295
1051.34,V,-1.34,-1.31,228105,323222
1051.58,IV,0.76,0.82,214319,309414
1051.59,IV,0.47,0.54,225859,320953
1051.61,IV,-1.58,-1.44,244671,339764
1051.72,IV,0.51,0.54,221650,316732
1052.00,IV,-2.23,-2.16,218815,313872
1052.02,IV,-0.08,0.01,244753,339809
1052.25,V,-2.39,-2.38,219203,314238
1052.39,IV,-0.39,-0.27,217445,312467
1052.51,IV,-0.30,-0.32,244753,339764
1052.54,IV,-0.42,-0.40,195544,290553
1052.54,IV,-0.42,-0.40,195544,290553
1052.83,IV,-0.08,-0.08,217079,312061
1052.95,IV,0.15,0.19,217445,312416
1053.10,IV,0.23,0.28,245204,340162
1053.16,IV,-1.30,-1.43,217109,312061
1053.36,V,-2.44,-2.39,189587,284521
1053.44,IV,-0.63,-0.61,218945,313872
1053.50,V,-0.74,-0.68,227543,322464
1053.73,IV,0.87,0.92,218815,313715
1054.01,V,-1.70,-1.62,243140,338016
1054.11,VI,-1.43,-1.44,299251,394117
1054.24,V,-2.14,-2.14,228020,322876
1054.46,VI,-0.55,-0.57,299282,394117
1054.48,V,-2.27,-2.15,227543,322376
1054.53,IV,-1.50,-1.37,201211,296040
1054.58,VI,-0.17,-0.20,299293,394117
1054.95,IV,-0.26,-0.20,203140,297931
1055.25,VI,-0.28,-0.23,299251,394015
1055.41,IV,0.49,0.54,193948,288698
1055.47,IV,-1.21,-1.12,224959,319704
1055.75,VI,0.25,0.19,322792,417512
1055.88,IV,0.85,0.89,244671,339379
1055.97,IV,0.23,0.27,201211,295910
1056.34,IV,-1.44,-1.38,218628,313295
1056.37,IV,-1.05,-0.95,218631,313295
1056.66,IV,0.06,0.06,217445,312083
1056.76,IV,0.04,0.09,218628,313257
1057.04,IV,0.55,0.62,245204,339809
1057.31,IV,-1.90,-1.78,244813,339393
1057.36,V,-0.72,-0.74,227801,322376
1057.46,IV,0.04,0.08,192753,287320
1057.59,V,-1.90,-1.82,226889,321443
1057.62,IV,0.11,0.14,202361,296912
1057.75,IV,0.85,0.92,197325,291865
1057.86,IV,-0.11,-0.06,218726,313257
1057.86,IV,-0.11,-0.06,218726,313257
1058.00,IV,-0.57,-0.54,195055,289573
1058.03,IV,0.70,0.76,218000,312515
1058.29,IV,0.02,-0.05,218138,312630
1058.55,IV,0.11,0.12,219403,313872
1058.57,IV,-1.22,-1.15,218000,312467
1058.61,IV,-0.73,-0.73,218138,312602
1058.62,VI,-0.62,-0.59,322805,417267
1058.63,IV,-2.00,-2.13,217621,312083
1058.83,IV,-1.02,-0.93,195086,289530
1058.83,V,-1.00,-0.89,228020,322464
1058.89,IV,-1.10,-1.13,218815,313253
1058.94,IV,-1.30,-1.22,194132,288566
1058.99,VI,-0.75,-0.88,322792,417221
1059.14,VI,0.30,0.33,322805,417221
1059.14,IV,0.22,0.22,218000,312416
1059.16,IV,-0.09,-0.07,203140,297554
1059.16,IV,-0.76,-0.78,222603,317017
1059.43,VI,-0.80,-0.68,322877,417267
1059.79,V,-2.06,-2.03,228105,322464
1059.79,IV,-0.70,-0.73,194339,288698
1059.80,IV,-1.66,-1.70,215133,309490
1059.82,V,-2.46,-2.37,228020,322376
1059.96,V,-2.05,-2.04,246477,340820
1060.17,IV,-2.26,-2.21,227993,322317
1060.31,IV,-0.96,-0.96,218945,313257
1060.32,IV,-0.85,-0.80,199202,293514
1060.35,IV,0.17,0.21,218945,313253
1060.36,IV,-0.19,-0.31,216703,311011
1060.41,IV,-0.67,-0.60,244671,338975
1060.56,IV,-0.95,-0.91,195684,289974
1060.59,V,-0.95,-0.86,235053,329340
1060.62,IV,-0.93,-0.88,195086,289370
1060.66,IV,-0.76,-0.73,215133,309414
1060.89,VI,0.38,0.43,250877,345137
1061.33,IV,0.44,0.45,244753,338975
1061.43,IV,-0.12,-0.07,202361,296573
1061.61,IV,0.80,0.85,199202,293399
1061.63,IV,-0.03,0.08,217079,311274
1061.71,IV,-1.60,-1.51,223623,317811
1061.97,IV,-1.19,-1.29,217109,311274
1062.17,IV,-1.13,-1.12,195827,289974
1062.30,VI,0.41,0.46,308998,403133
1062.32,IV,-1.10,-1.12,225859,319993
1062.72,V,-2.13,-2.05,246624,340723
1062.73,IV,-1.14,-1.05,216703,310800
1062.80,IV,-2.08,-1.94,229064,323155
1062.82,VI,-0.71,-0.64,308998,403087
1063.03,IV,-0.41,-0.40,220917,314988
1063.21,IV,-0.84,-0.71,218028,312083
1063.30,V,-2.23,-2.16,226889,320935
1063.36,IV,-0.80,-0.79,195932,289974
1063.50,V,-2.43,-2.31,229588,323617
1063.58,VI,-1.12,-1.09,309111,403133
1063.76,V,-2.12,-2.07,246477,340483
1063.84,IV,0.28,0.34,218000,311998
1064.02,IV,-1.44,-1.40,213535,307517
1064.04,IV,0.70,0.76,200483,294464
1064.10,VI,0.26,0.32,309111,403087
1064.13,IV,-1.36,-1.44,218628,312602
1064.41,IV,-0.91,-0.82,221650,315599
1064.43,VI,0.59,0.64,299143,393090
1064.69,IV,-1.87,-1.78,218138,312061
1064.80,IV,-0.27,-0.21,199599,293514
1065.07,IV,-0.72,-0.63,218171,312061
1065.21,VI,-0.79,-0.71,309111,402989
1065.44,V,-1.23,-1.17,246624,340483
1065.48,IV,-0.38,-0.40,219403,313257
1065.66,IV,-0.68,-0.67,218628,312467
1065.80,IV,-1.11,-1.11,195544,289370
1065.85,IV,0.39,0.43,197325,291147
1065.92,IV,-2.38,-2.48,218815,312630
1066.02,IV,-1.30,-1.23,213360,307167
1066.09,V,-2.04,-2.00,265692,359492
1066.25,IV,-2.43,-2.39,224959,318746
1066.39,IV,0.05,0.12,198179,291954
1066.43,IV,-0.58,-0.52,245204,338975
1066.87,IV,-1.06,-0.92,217445,311177
1067.00,IV,-0.90,-0.91,217079,310800
1067.25,IV,-2.26,-2.26,218028,311727
1067.40,IV,-0.57,-0.57,195684,289370
1067.91,V,-1.58,-1.61,226311,319952
1067.98,V,-1.72,-1.69,229588,323222
1068.12,IV,-1.26,-1.11,213360,306983
1068.16,VI,-0.66,-0.52,322792,416411
1068.31,VI,0.02,0.13,322805,416411
1068.31,V,-2.49,-2.48,265886,359492
1068.88,IV,0.13,0.01,217621,311177
1068.96,IV,-1.87,-1.99,227993,321542
1069.14,VI,0.29,0.30,322877,416411
1069.27,IV,0.03,0.14,218945,312467
1069.39,IV,-1.06,-1.07,195055,288566
1069.50,IV,-0.97,-0.85,213665,307167
1069.74,IV,-0.50,-0.53,195086,288566
1069.85,IV,-1.46,-1.35,218945,312416
1070.01,IV,-0.25,-0.26,194132,287589
1070.02,VI,-0.01,0.07,299256,392713
1070.04,IV,-0.38,-0.40,218628,312083
1070.08,VI,-0.96,-0.89,299143,392594
1070.11,IV,-1.24,-1.14,213535,306983
1070.31,VI,-0.70,-0.58,299282,392713
1070.32,IV,0.02,0.07,218631,312061
1070.34,V,-2.23,-2.24,223214,316643
1070.39,VI,-1.51,-1.48,309111,402534
1070.40,IV,0.08,0.13,199599,293022
1070.44,VI,-0.41,-0.30,299293,392713
1070.91,V,-0.83,-0.71,226311,319689
1070.97,VI,0.15,0.16,299143,392517
1070.99,IV,-0.16,-0.13,193948,287320
1071.11,IV,-0.17,-0.10,217650,311011
1071.13,IV,-0.77,-0.71,225387,318746
1071.17,IV,-1.94,-1.90,218726,312083
1071.17,IV,-0.42,-0.45,217445,310800
1071.30,V,-0.55,-0.49,228020,321365
1071.38,V,-1.70,-1.58,228105,321443
1071.38,VI,0.51,0.56,299256,392594
1071.87,IV,-0.16,-0.11,200720,294015
1072.26,VI,-0.33,-0.26,299256,392517
1072.28,V,-1.35,-1.32,228105,321365
1072.33,V,-1.93,-1.91,265886,359141
1072.35,IV,0.35,0.50,229064,322317
1072.35,IV,0.35,0.50,229064,322317
1072.38,IV,-0.91,-0.93,194339,287589
1072.41,V,-2.39,-2.38,222886,316134
1072.58,VI,0.00,0.09,322792,416025
1072.95,IV,-2.38,-2.38,222398,315599
1073.15,IV,-0.92,-0.78,218815,311998
1073.22,IV,-0.85,-0.73,218000,311177
1073.46,V,-1.16,-1.29,229588,322744
1073.63,IV,0.72,0.77,227993,321135
1073.68,IV,-0.79,-0.73,218945,312083
1074.02,V,-1.49,-1.35,226311,319419
1074.08,IV,-2.00,-1.94,218171,311274
1074.55,IV,0.62,0.67,228480,321542
1074.81,IV,0.41,0.49,218138,311177
1074.91,IV,0.07,0.13,200483,293514
1075.00,VI,-1.33,-1.41,309111,402134
1075.01,IV,-1.78,-1.84,195544,288566
1075.30,IV,-1.06,-1.01,226271,319268
1075.46,IV,-0.14,-0.08,218028,311011
1075.50,IV,-0.79,-0.79,194339,287320
1075.59,V,-1.73,-1.69,265752,358725
1075.63,V,-0.65,-0.60,228105,321074
1075.64,IV,0.50,0.57,198179,291147
1075.95,IV,-1.52,-1.42,220316,313257
1076.41,V,-2.11,-2.10,246477,339378
1076.55,VI,0.27,0.32,322805,415694
1076.74,IV,-0.33,-0.21,218138,311011
1077.31,IV,0.48,0.51,230331,323155
1077.39,VI,0.30,0.35,322877,415694
1077.61,IV,-2.24,-2.23,220917,313715
1077.64,V,-1.96,-1.84,229774,322569
1077.66,IV,0.23,0.32,200720,293514
1077.72,IV,-1.14,-1.00,227993,320782
1077.72,V,-1.13,-1.12,229588,322376
1078.13,IV,-1.08,-1.14,214413,307167
1078.13,V,-1.24,-1.24,246624,339378
1078.17,V,-1.64,-1.62,265975,358725
1078.29,IV,-1.42,-1.34,195827,288566
1078.68,IV,-1.22,-1.15,198179,290885
1078.86,V,-0.70,-0.66,230532,323222
1078.98,IV,-0.03,0.02,219403,312083
1079.24,V,-2.24,-2.24,223477,316134
1079.38,IV,-0.53,-0.46,218628,311274
1079.41,IV,-0.25,-0.34,218631,311274
1079.42,VI,0.64,0.69,322877,415520
1079.82,IV,0.51,0.52,227993,320601
1079.86,V,-2.08,-1.97,229588,322192
1080.10,IV,0.43,0.42,228480,321064
1080.52,IV,-0.68,-0.64,218726,311274
1080.62,IV,-1.82,-1.73,200483,293022
1080.68,IV,-1.36,-1.39,195055,287589
1080.83,V,-2.29,-2.28,190100,282622
1081.78,V,-0.82,-0.75,234036,326477
1082.12,IV,-2.07,-2.15,217079,309490
1082.15,V,-2.15,-2.10,227543,319952
1082.25,VI,0.25,0.30,250877,343277
1082.27,VI,0.31,0.31,299293,391692
1082.45,IV,-0.68,-0.65,218628,311011
1082.56,IV,-1.10,-1.11,198179,290553
1082.75,IV,-0.38,-0.51,229694,322051
1082.77,V,-1.71,-1.69,189587,281942
1082.78,IV,-0.89,-0.86,199599,291954
1083.23,IV,-2.16,-2.07,197325,289642
1083.24,V,-0.89,-0.87,272755,365071
1083.39,IV,-1.42,-1.53,201211,293514
1083.56,IV,-0.06,0.08,230236,322524
1083.59,IV,-0.22,-0.34,220316,312602
1083.77,V,-1.60,-1.55,272801,365071
1083.84,IV,-1.37,-1.34,195055,287320
1083.93,V,-2.45,-2.40,265692,357948
1084.22,IV,-2.12,-2.11,218945,311177
1084.42,V,-1.19,-1.08,235053,327268
1084.72,V,-1.85,-1.83,265692,357881
1085.15,VI,-1.12,-1.14,309111,401264
1085.18,V,-1.43,-1.58,227801,319952
1085.52,IV,-1.26,-1.39,228480,320601
1085.53,IV,-1.33,-1.37,224071,316192
1085.82,V,-1.34,-1.32,188833,280929
1086.18,IV,-1.83,-1.79,218945,311011
1086.22,V,-2.00,-1.94,265886,357948
1086.42,IV,-1.34,-1.31,195544,287589
1087.27,V,-2.40,-2.34,265975,357948
1087.32,IV,-2.42,-2.43,217445,309414
1087.64,VI,-0.70,-0.59,299256,391198
1087.95,VI,0.30,0.35,299282,391198
1088.17,V,-1.55,-1.46,220208,312106
1088.21,V,-0.60,-0.59,239541,331435
1088.28,V,-0.67,-0.61,227801,319689
1088.36,IV,-1.28,-1.31,241855,333737
1088.50,IV,-1.05,-1.01,217621,309490
1088.67,IV,-1.24,-1.18,218945,310800
1088.71,V,-0.92,-0.88,272755,364607
1088.83,V,-1.94,-1.92,190100,281942
1089.08,V,-1.33,-1.33,239615,331435
1089.20,IV,-0.43,-0.38,201211,293022
1089.59,V,-1.45,-1.44,229588,321365
1089.62,IV,-2.04,-2.00,224071,315846
1089.64,V,-1.68,-1.67,223214,314988
1090.27,IV,-0.17,-0.09,230331,322051
1090.51,IV,-1.26,-1.34,199599,291299
1090.74,V,-0.27,-0.22,220208,311889
1091.05,IV,-0.54,-0.49,202361,294015
1091.21,V,-1.21,-1.19,187779,279421
1091.21,V,-1.22,-1.17,228048,319689
1091.49,V,-1.00,-0.95,227801,319419
1091.61,IV,-0.75,-0.69,219403,311011
1092.12,VI,-1.97,-1.90,308998,400563
1092.43,V,-0.41,-0.39,246477,338016
1092.72,V,-1.04,-0.95,220623,312138
1092.76,V,-1.76,-1.75,223477,314988
1093.10,V,-0.57,-0.52,220623,312106
1093.47,VI,-1.82,-1.76,309111,400563
1093.78,IV,-2.24,-2.37,218631,310057
1093.96,IV,-0.70,-0.80,220316,311727
1094.17,IV,-0.30,-0.37,198179,289573
1094.19,V,-1.09,-1.07,246624,338016
1094.42,IV,-1.66,-1.65,197325,288698
1094.48,VI,0.22,0.27,299251,390618
1094.66,V,-1.76,-1.72,222886,314238
1094.69,IV,-1.05,-1.06,198179,289530
1094.71,VI,0.10,0.16,250877,342225
1094.79,V,-1.45,-1.44,189587,280929
1094.81,V,-2.15,-2.01,236040,327380
1094.86,VI,-2.31,-2.28,299282,390618
1094.93,IV,-1.80,-1.92,221272,312602
1094.99,VI,-1.20,-1.10,299293,390618
1095.48,V,-1.74,-1.69,228020,319304
1095.70,V,-1.12,-1.11,220623,311889
1095.81,V,-0.58,-0.58,228048,319304
1095.92,IV,-2.48,-2.43,200483,291730
1095.93,V,-2.21,-2.15,219203,310450
1096.20,IV,-1.73,-1.86,228480,319704
1096.27,IV,-2.46,-2.44,221739,312957
1096.38,V,-1.89,-1.84,236059,327268
1096.49,V,-0.72,-0.68,220938,312138
1096.50,V,-1.79,-1.82,228105,319304
1096.88,V,-1.38,-1.37,220938,312106
1096.95,V,-1.92,-1.83,229774,320935
1097.09,V,-0.79,-0.84,239615,330765
1097.87,IV,-1.40,-1.50,201211,292297
1097.92,IV,-1.85,-1.79,220917,311998
1098.48,VI,-0.12,-0.06,265639,356674
1098.60,IV,-2.34,-2.19,218628,309653
1098.62,V,-2.16,-2.17,223214,314238
1098.78,IV,-1.92,-1.92,200720,291730
1099.26,V,-0.98,-0.95,265692,356662
1099.40,IV,-0.74,-0.73,220316,311274
1099.46,IV,-0.77,-0.83,199599,290553
1099.55,V,-1.92,-1.88,256273,347219
1099.97,V,-1.87,-1.83,230532,321443
1100.23,V,-1.67,-1.62,226311,317201
1100.31,V,-0.52,-0.46,187779,278663
1100.40,IV,-0.19,-0.14,203140,294015
1100.52,V,-1.54,-1.56,221272,312138
1100.56,IV,-1.10,-0.97,221739,312602
1100.92,V,-1.30,-1.24,230532,321365
1100.98,IV,-0.68,-0.63,230236,321064
1101.31,V,-0.63,-0.63,221272,312073
1101.89,IV,0.38,0.42,227993,318746
1102.01,IV,0.28,0.36,201211,291954
1102.22,IV,-1.53,-1.47,222527,313253
1102.97,V,-0.90,-0.84,188833,279497
1103.01,IV,-0.04,0.02,202361,293022
1103.21,V,-1.23,-1.21,220938,311582
1103.25,V,-1.72,-1.69,272755,363397
1103.36,V,-1.33,-1.27,234036,324668
1103.49,IV,-0.02,-0.11,230331,320953
1103.51,V,-0.74,-0.67,265752,356372
1103.63,V,-0.89,-0.82,220623,311233
1103.78,V,-2.40,-2.40,219203,309801
1103.80,V,-1.12,-1.07,272801,363397
1103.89,V,-1.10,-1.09,188833,279421
1104.01,IV,-1.58,-1.52,200720,291299
1104.17,V,-1.19,-1.08,221272,311838
1104.33,IV,-2.16,-2.17,202361,292913
1104.46,V,-1.33,-1.31,230532,321074
1104.77,IV,-0.87,-0.92,227993,318510
1105.00,VI,0.10,0.15,265639,356137
1105.14,V,-0.84,-0.80,265886,356372
1105.23,V,-1.63,-1.53,189587,280066
1105.52,IV,-0.74,-0.84,221272,311727
1105.67,V,-2.08,-2.10,229774,320216
1106.06,IV,-1.95,-1.95,221650,312061
1106.23,V,-0.05,-0.01,265975,356372
1106.56,IV,-1.95,-1.96,199202,289573
1106.75,IV,-2.38,-2.46,222603,312957
1106.88,IV,-0.86,-0.87,221739,312083
1107.02,IV,-2.16,-2.30,225859,316192
1107.08,IV,-2.02,-1.98,199202,289530
1107.14,IV,-1.08,-1.08,221739,312061
1107.20,V,-1.95,-1.95,221664,311982
1107.64,V,-1.11,-1.05,220938,311220
1107.72,V,-0.45,-0.39,220208,310483
1107.75,V,-2.49,-2.47,190100,280373
1107.83,IV,-0.88,-0.86,228480,318746
1107.86,IV,-1.17,-1.19,197325,287589
1107.91,IV,-0.75,-0.71,220917,311177
1108.01,V,-1.38,-1.42,220623,310875
1108.77,IV,-1.90,-1.86,219867,310057
1109.31,V,-1.05,-1.00,236331,326477
1109.37,IV,-1.64,-1.69,221602,311743
1109.60,V,0.34,0.39,265752,355875
1111.08,V,-0.67,-0.62,189587,279590
1111.18,IV,-1.59,-1.56,197325,287320
1111.45,V,-1.70,-1.68,190400,280373
1111.54,V,-0.81,-0.75,190100,280066
1111.75,V,-1.72,-1.69,221272,311220
1111.89,V,-1.15,-1.02,220938,310875
1112.17,V,-0.75,-0.71,265692,355606
1112.23,V,-0.68,-0.62,189587,279497
1112.35,V,-0.58,-0.53,265975,355875
1112.39,IV,-0.05,0.04,217621,307517
1112.55,V,-2.19,-2.09,236040,325923
1112.57,IV,-0.95,-0.85,203140,293022
1112.79,V,-1.85,-1.74,236059,325923
1112.88,IV,-0.97,-0.93,233299,323155
1113.20,V,-1.48,-1.42,229588,319419
1113.21,V,-0.85,-0.79,188833,278663
1113.51,V,-1.12,-1.08,243140,332946
1113.94,IV,-2.31,-2.41,199599,289370
1114.34,IV,-1.80,-1.92,225859,315599
1114.51,IV,-1.39,-1.26,222336,312061
1114.52,V,-0.70,-0.66,239615,329340
1114.58,V,-0.02,0.03,265886,355606
1114.62,V,-0.85,-0.80,229588,319304
1115.02,IV,-1.01,-0.91,222398,312083
1115.15,IV,-0.80,-0.84,201211,290885
1115.18,V,-1.79,-1.80,222401,312073
1115.26,V,-1.92,-1.77,190400,280066
1115.63,VI,0.25,0.29,322805,412440
1115.65,IV,-1.72,-1.63,223623,313257
1115.65,IV,-2.31,-2.22,226558,316192
1115.69,V,-1.35,-1.26,265975,355606
1115.70,IV,-2.09,-2.16,223000,312630
1115.82,VI,0.24,0.29,265639,355259
1116.03,V,-1.25,-1.22,221272,310875
1116.05,IV,-2.15,-2.21,223000,312602
1116.06,IV,-1.06,-0.99,225387,314988
1116.16,IV,-0.98,-0.85,202361,291954
1116.51,VI,0.49,0.54,299143,388708
1116.54,IV,-1.73,-1.78,201211,290774
1116.54,VI,0.21,0.26,322877,412440
1116.75,IV,-0.50,-0.43,217621,307167
1116.89,VI,0.19,0.23,322792,412326
1117.05,VI,-0.28,-0.19,322805,412326
1117.45,V,-0.50,-0.45,190100,279590
1117.54,V,-2.48,-2.37,221272,310754
1117.58,V,-1.99,-1.92,236040,325519
1117.69,V,-0.89,-0.75,234036,323506
1117.79,V,-0.28,-0.23,188833,278295
1117.82,V,-2.03,-1.99,236059,325519
1117.83,V,-2.39,-2.32,246477,335935
1117.92,VI,-1.13,-1.06,299256,388708
1118.44,IV,-1.80,-1.75,198179,287589
1118.56,V,-1.48,-1.52,227801,317201
1118.72,V,-0.45,-0.39,272755,362143
1119.02,IV,-1.81,-1.83,199202,288566
1119.29,V,-1.36,-1.33,272801,362143
1119.35,IV,-1.89,-2.02,220316,309653
1119.83,VI,-0.34,-0.26,299143,388442
1120.17,IV,-1.12,-1.08,221739,311011
1120.25,VI,-1.08,-1.04,309111,398377
1120.38,IV,-1.09,-1.15,230331,319587
1120.40,IV,-2.33,-2.40,200720,289974
1120.51,V,-2.01,-1.98,226889,316134
1120.76,IV,0.29,0.43,233299,322524
1120.95,IV,-2.10,-2.20,202361,291571
1121.21,V,-0.39,-0.34,190400,279590
1121.24,V,-1.33,-1.31,236331,325519
1121.25,VI,0.34,0.39,299256,388442
1121.32,V,-1.53,-1.54,228020,317201
1121.66,V,-0.06,-0.06,228048,317201
1121.67,V,-0.22,-0.17,265752,354905
1121.72,VI,-1.33,-1.26,299293,388442
1121.72,V,-0.86,-0.81,220623,309772
1121.83,IV,-1.50,-1.54,198179,287320
1122.27,V,-0.07,-0.02,265692,354797
1122.58,VI,0.30,0.35,322792,411872
1122.75,VI,0.05,0.10,322805,411872
1122.82,V,-1.76,-1.79,220208,309269
1122.89,VI,-0.29,-0.22,299256,388312
1123.21,VI,-1.63,-1.54,299282,388312
1123.28,VI,-1.08,-1.06,308998,398023
1123.35,VI,0.23,0.27,299293,388312
1123.35,V,-0.80,-0.72,265886,354905
1123.51,IV,-1.17,-1.18,243029,332036
1123.64,IV,-0.50,-0.47,218171,307167
1123.66,VI,-0.98,-0.91,322877,411872
1124.07,IV,-1.38,-1.40,222666,311628
1124.18,VI,0.10,0.14,299282,388236
1124.31,VI,-0.35,-0.29,299293,388236
1124.34,VI,-0.04,0.01,299251,388192
1124.48,V,-0.22,-0.14,265975,354905
1124.71,VI,0.39,0.45,309111,398023
1124.72,V,-2.28,-2.38,265886,354797
1124.74,VI,-0.56,-0.49,299282,388192
1125.00,IV,-1.78,-1.73,218628,307517
1125.02,IV,-2.16,-2.15,200483,289370
1125.33,V,-1.15,-1.15,220938,309801
1125.38,V,-2.21,-2.22,223214,312073
1125.41,V,-1.14,-1.08,265692,354548
1125.63,V,-2.15,-2.23,234036,322876
1125.70,V,-2.32,-2.30,220938,309772
1125.73,V,-1.41,-1.35,222401,311233
1125.89,V,-1.88,-1.94,222401,311220
1125.98,IV,-1.00,-0.98,218171,306983
1126.13,V,-1.67,-1.68,236109,324909
1126.21,IV,-2.46,-2.39,244943,333737
1126.29,V,-2.19,-2.17,219203,307991
1126.30,V,-1.52,-1.51,221664,310450
1126.39,IV,-2.35,-2.43,222398,311177
1126.68,IV,-1.72,-1.62,224959,313715
1127.30,V,-0.36,-0.31,189587,278295
1127.44,V,-0.95,-0.93,222886,311582
1127.88,V,-0.74,-0.66,265886,354548
1128.08,V,-0.70,-0.65,220623,309269
1128.37,V,-1.21,-1.23,223214,311838
1128.38,V,-1.22,-1.21,228020,316643
1128.50,IV,-1.40,-1.52,222398,311011
1128.58,V,-1.03,-1.02,227543,316149
1128.59,V,-1.88,-1.81,223376,311982
1128.73,V,-1.28,-1.30,228048,316643
1128.76,IV,-1.77,-1.83,221272,309865
1128.79,IV,-1.74,-1.73,203140,291730
1128.81,V,0.01,0.07,187779,276368
1129.01,V,-0.45,-0.41,265975,354548
1129.12,V,-0.60,-0.52,235053,323617
1129.45,IV,-2.13,-2.08,218628,307167
1129.47,V,-2.11,-2.09,228105,316643
1129.57,V,-1.81,-1.79,221272,309801
1129.63,IV,-1.59,-1.69,202361,290885
1130.28,V,-0.82,-0.84,222401,310875
1130.73,IV,-1.15,-1.08,223623,312061
1131.13,VI,0.48,0.53,308998,397404
1131.72,V,-1.96,-2.04,223477,311838
1131.79,V,-0.92,-0.84,220938,309294
1131.88,V,0.21,0.25,227801,316149
1132.06,V,-1.33,-1.34,222886,311220
1132.11,V,-1.18,-1.14,220938,309269
1132.26,IV,-1.49,-1.54,201211,289530
1132.53,V,-0.25,-0.21,221272,309570
1132.54,IV,-1.27,-1.16,223764,312061
1132.57,V,-1.88,-1.77,243140,331435
1132.84,IV,-2.35,-2.46,223000,311274
1133.11,IV,-1.61,-1.75,244753,333006
1133.11,IV,-1.61,-1.75,244753,333006
1133.23,IV,-0.72,-0.74,233299,321542
1133.37,IV,-1.64,-1.71,227960,316192
1133.40,V,-1.19,-1.19,223477,311706
1133.82,IV,-1.39,-1.38,222603,310800
1133.85,V,-1.60,-1.63,220623,308818
1133.86,V,-0.42,-0.38,190100,278295
1134.17,V,-0.62,-0.61,235053,323222
1134.31,IV,-1.92,-1.91,201211,289370
1134.39,V,-0.27,-0.22,265886,354039
1134.89,IV,-2.19,-2.06,219403,307517
1135.08,V,-1.47,-1.41,226889,314988
1135.31,V,-1.94,-1.91,222401,310483
1135.86,V,-2.02,-2.00,221664,309703
1135.99,V,-1.23,-1.19,228105,316134
1136.08,V,-1.14,-1.10,221272,309294
1136.23,IV,-2.49,-2.42,223000,311011
1136.29,V,-1.01,-0.97,223214,311220
1136.50,V,-1.34,-1.29,222886,310875
1137.20,V,-2.20,-2.26,219203,307139
1137.25,VI,0.27,0.33,308998,396929
1137.68,V,-0.51,-0.47,265692,353590
1137.74,V,-1.42,-1.46,265752,353646
1137.92,V,-1.90,-1.91,220938,308818
1138.07,V,-2.40,-2.37,222886,310754
1138.21,V,-0.47,-0.40,220208,308065
1138.72,VI,-0.74,-0.67,309111,396929
1138.95,IV,-1.67,-1.63,223000,310800
1139.03,V,-1.64,-1.57,265692,353486
1139.40,IV,-0.53,-0.57,233299,321064
1139.47,V,-0.89,-0.87,265886,353646
1140.22,V,-1.61,-1.67,219203,306906
1140.63,V,-0.95,-0.98,265975,353646
1140.85,IV,-1.02,-1.11,233299,320953
1140.86,V,-0.68,-0.67,239615,327268
1141.23,V,-1.46,-1.47,243140,330765
1141.31,IV,-2.21,-2.10,244417,332036
1141.38,IV,-2.11,-2.09,202361,289974
1141.56,V,-1.33,-1.24,265886,353486
1142.34,V,-1.13,-1.11,223214,310754
1142.35,IV,-2.31,-2.43,219403,306942
1142.40,V,-0.41,-0.35,188833,276368
1142.72,V,-0.40,-0.35,265975,353486
1142.73,IV,-1.25,-1.24,223764,311274
1142.78,VI,0.12,0.18,309111,396617
1143.13,IV,-0.79,-0.89,230331,317811
1143.19,V,-2.30,-2.19,219203,306678
1143.61,V,-0.67,-0.64,220623,308065
1144.01,V,-1.59,-1.66,235053,322464
1144.55,V,-1.49,-1.44,222401,309772
1144.75,IV,-1.39,-1.40,201211,288566
1144.83,V,-0.64,-0.58,226889,314238
1145.44,V,-2.33,-2.30,272755,360058
1145.44,IV,-2.11,-2.17,233299,320601
1145.70,IV,-0.92,-0.89,244753,332036
1145.77,V,-1.54,-1.55,223477,310754
1146.77,IV,-1.78,-1.78,220316,307517
1146.77,V,-0.42,-0.35,220623,307825
1147.75,V,-0.78,-0.86,220938,308065
1148.13,IV,-2.41,-2.39,225859,312957
1148.44,V,-1.32,-1.28,223376,310450
1148.57,V,0.22,0.27,256272,343337
1148.58,V,-0.76,-0.71,256273,343337
1148.70,V,-0.91,-0.89,229588,316643
1148.73,V,-0.46,-0.39,220938,307991
1149.05,V,0.14,0.19,256273,343301
1149.30,IV,-1.55,-1.55,202361,289370
1150.22,IV,-1.14,-1.02,224071,311011
1150.27,V,-0.85,-0.84,239541,326477
1150.54,V,-1.30,-1.28,222886,309801
1150.59,V,-1.80,-1.74,219203,306116
1150.60,IV,-2.33,-2.24,218945,305856
1150.84,V,-0.70,-0.68,222401,309294
1150.93,V,-0.44,-0.41,220938,307825
1150.93,V,-0.44,-0.41,220938,307825
1150.93,V,-0.49,-0.47,222886,309772
1150.93,V,-0.49,-0.47,222886,309772
1150.98,V,-1.79,-1.71,228105,314988
1151.24,V,-2.11,-2.03,239615,326477
1151.39,IV,-2.06,-2.10,220316,307167
1151.62,IV,-1.82,-1.81,203140,289974
1151.65,IV,-0.51,-0.40,245204,332036
1151.68,V,-0.90,-0.88,265752,352582
1151.80,V,-2.30,-2.26,243140,329961
1152.22,V,-0.56,-0.54,278282,365071
1152.33,V,-0.43,-0.41,189587,276368
1152.91,V,-1.01,-0.95,272755,359492
1153.15,V,-0.69,-0.64,221272,307991
1153.52,V,0.14,0.19,272801,359492
1153.52,V,0.14,0.19,272801,359492
1153.52,V,0.22,0.27,278380,365071
1153.52,V,0.22,0.27,278380,365071
1153.61,V,-1.01,-0.95,220208,306892
1153.61,V,-1.02,-1.04,222886,309570
1153.84,IV,-1.45,-1.47,220316,306983
1154.23,V,-0.56,-0.49,221272,307910
1154.64,V,-0.65,-0.60,265975,352582
1154.77,IV,-1.26,-1.15,233299,319896
1155.37,V,-0.80,-0.83,221272,307825
1155.45,V,-2.29,-2.27,229588,316134
1155.47,V,0.32,0.38,236331,322876
1155.63,V,-1.92,-1.87,265886,352419
1155.68,V,-1.11,-1.07,236040,322569
1156.20,VI,-2.34,-2.39,309111,395601
1156.47,V,-0.49,-0.41,246477,332946
1156.60,V,-0.89,-0.84,236109,322569
1156.82,V,-1.41,-1.36,265975,352419
1156.94,V,-0.85,-0.79,238234,324668
1157.00,V,-0.77,-0.74,236040,322470
1157.19,V,-1.18,-1.21,222401,308818
1157.23,V,-0.18,-0.09,236331,322744
1157.26,V,-0.89,-0.86,236059,322470
1157.30,V,-1.30,-1.30,222886,309294
1157.34,V,0.03,-0.00,236059,322464
1157.34,IV,-1.32,-1.36,233299,319704
1157.39,IV,-1.80,-1.91,230331,316732
1157.54,V,0.55,0.60,238234,324624
1157.70,IV,-2.34,-2.41,201211,287589
1157.90,V,0.48,0.53,238305,324668
1157.93,V,-0.66,-0.61,236109,322470
1158.00,V,-1.92,-1.82,223214,309570
1158.21,V,-1.23,-1.20,272801,359141
1158.38,V,-1.63,-1.67,223376,309703
1158.42,V,0.35,0.40,278282,364607
1158.45,V,-0.41,-0.36,246624,332946
1158.50,V,-0.58,-0.54,238305,324624
1158.58,V,-1.22,-1.16,235053,321365
1158.80,VI,-1.80,-1.85,309111,395407
1158.83,V,-2.25,-2.38,187779,274073
1158.95,V,-0.74,-0.68,187779,274065
1159.16,V,-1.84,-1.81,220623,306892
1159.48,IV,-2.20,-2.15,218000,304245
1159.48,V,-2.16,-2.11,221664,307910
1159.74,V,-0.51,-0.47,278380,364607
1159.74,V,-2.31,-2.35,223477,309703
1159.76,V,0.52,0.57,187779,274004
1159.78,IV,-0.86,-0.88,225859,312083
1159.86,V,-1.17,-1.12,228020,314238
1160.74,V,-0.03,0.02,236040,322192
1160.99,V,-0.39,-0.36,236059,322192
1161.19,V,-1.28,-1.26,265886,352005
1161.29,V,-1.25,-1.22,230532,316643
1161.53,V,-0.33,-0.30,223477,309570
1161.71,V,-0.47,-0.45,223214,309294
1163.20,V,0.19,0.24,272755,358725
1163.41,V,-0.43,-0.44,220938,306892
1163.71,V,-1.57,-1.44,222886,308818
1163.82,V,-1.36,-1.32,272801,358725
1163.94,V,-0.56,-0.53,234036,319952
1164.21,IV,-2.29,-2.34,221272,307167
1164.67,V,-1.62,-1.56,236331,322192
1165.13,V,-1.19,-1.11,226311,312138
1165.35,IV,-1.76,-1.80,226271,312083
1165.57,V,-0.73,-0.70,226311,312106
1165.64,IV,-2.31,-2.29,226271,312061
1165.64,IV,-2.31,-2.29,226271,312061
1165.64,IV,-2.27,-2.26,225387,311177
1165.64,IV,-2.27,-2.26,225387,311177
1166.33,V,-1.76,-1.70,265692,351431
1166.36,V,-1.24,-1.22,236059,321796
1166.56,IV,-2.26,-2.22,227993,313715
1166.98,IV,-0.92,-0.86,243029,328720
1167.36,V,0.25,0.31,222401,308065
1167.51,V,0.32,0.36,234036,319689
1167.76,V,-2.15,-2.17,221272,306906
1168.19,V,-0.95,-0.92,230532,316134
1168.53,V,0.21,0.22,226311,311889
1168.98,V,-1.26,-1.23,265886,351431
1169.94,V,-1.28,-1.36,221664,307139
1170.31,IV,-2.05,-2.12,233299,318746
1170.78,IV,-1.88,-1.83,225387,310800
1170.92,V,-0.90,-0.89,236040,321443
1171.18,V,-1.70,-1.82,236059,321443
1171.20,V,-1.78,-1.67,234036,319419
1171.86,V,-0.43,-0.36,236109,321443
1171.99,V,-0.54,-0.51,236040,321365
1172.15,V,-1.71,-1.65,188833,274146
1172.17,V,0.30,0.36,238305,323617
1172.25,V,-0.16,-0.11,236059,321365
1172.71,V,0.02,0.12,238234,323506
1172.78,V,-1.04,-0.96,234036,319304
1172.78,IV,-1.72,-1.70,230331,315599
1172.88,V,-0.21,-0.22,220623,305883
1173.14,V,-0.11,-0.11,221664,306906
1173.15,V,-0.22,-0.18,188833,274073
1173.27,V,0.39,0.44,188833,274065
1173.51,V,-0.66,-0.60,229774,314988
1173.69,V,-0.70,-0.63,238305,323506
1173.80,V,-0.35,-0.30,272755,357948
1174.43,V,-1.41,-1.35,272801,357948
1174.71,V,-1.33,-1.30,239541,324668
1175.02,V,-2.32,-2.19,222886,307991
1175.18,V,-1.00,-1.03,226889,311982
1175.37,V,0.09,0.15,199441,284521
1176.00,V,-0.33,-0.27,236040,321074
1176.00,V,-1.26,-1.20,236331,321365
1176.14,V,-1.87,-1.80,222886,307910
1176.24,V,0.11,0.17,278380,363397
1176.26,V,-1.88,-1.74,236059,321074
1176.28,V,-1.37,-1.31,221664,306678
1176.38,VI,-1.68,-1.75,309111,394117
1176.53,V,0.20,0.18,219203,304199
1176.95,V,-0.71,-0.70,236109,321074
1177.05,V,0.21,0.26,246477,331435
1177.18,V,-2.46,-2.43,226889,311838
1177.32,V,0.08,0.14,222886,307825
1177.55,V,-1.82,-1.80,226311,311233
1177.88,V,-0.19,-0.13,200648,285546
1178.88,V,-0.48,-0.44,236109,320935
1179.57,V,-0.15,-0.09,223214,307991
1179.61,IV,-2.22,-2.18,228480,313253
1180.23,V,-0.40,-0.35,246624,331354
1181.25,V,-0.58,-0.53,201413,286069
1181.33,V,0.07,0.12,229588,314238
1181.52,V,-1.92,-1.84,235053,319689
1182.01,V,-1.16,-1.11,189587,274189
1182.10,V,-1.00,-1.00,227543,312138
1182.54,V,-1.11,-1.17,226311,310875
1182.55,V,0.14,0.11,227543,312106
1182.60,V,-0.18,-0.13,189587,274146
1182.77,V,-1.23,-1.23,256272,340820
1182.78,V,-2.11,-2.10,256273,340820
1183.22,V,-1.05,-1.05,220938,305453
1183.56,V,-0.59,-0.50,222401,306892
1183.62,V,0.15,0.21,189587,274073
1184.04,V,-0.14,-0.09,230532,314988
1184.13,V,-1.24,-1.13,256272,340723
1184.13,V,-1.54,-1.53,256273,340723
1184.37,V,-0.63,-0.56,223477,307910
1184.88,IV,-2.43,-2.44,213535,297931
1185.31,V,-0.43,-0.34,235053,319419
1185.71,V,-1.62,-1.68,227801,312138
1186.17,V,-0.66,-0.64,227801,312106
1186.20,IV,-1.60,-1.50,244417,328720
1186.40,V,-0.53,-0.41,246477,330765
1186.58,V,-2.34,-2.41,219203,303479
1186.92,V,0.04,0.08,235053,319304
1187.38,V,-0.57,-0.52,201850,286069
1187.51,V,-0.29,-0.22,256273,340483
1187.93,V,-1.97,-1.92,221664,305844
1187.98,V,-0.45,-0.39,236040,320216
1188.04,V,0.27,0.34,226311,310483
1188.48,V,-0.14,-0.11,246624,330765
1188.59,V,-0.46,-0.41,201413,285546
1188.67,V,-2.01,-1.96,243140,327268
1188.81,V,0.20,0.26,228020,312138
1188.93,V,-1.03,-0.98,190100,274210
1189.20,V,-0.95,-0.89,228048,312138
1189.23,V,0.21,0.28,227801,311889
1189.23,V,-0.23,-0.18,190100,274189
1189.40,V,-1.02,-1.11,239541,323617
1189.66,V,-0.03,0.11,228048,312106
1189.83,V,-0.07,-0.02,190100,274146
1189.93,V,-0.53,-0.48,219203,303242
1189.98,IV,-2.41,-2.38,228480,312515
1190.10,IV,-0.11,-0.09,230236,314262
1190.44,V,-0.59,-0.57,239615,323617
1190.93,V,-0.01,0.04,228105,312073
1190.95,IV,-1.53,-1.60,244753,328720
1190.97,V,0.25,0.26,239541,323506
1191.39,IV,-2.36,-2.35,228480,312416
1192.28,V,-0.51,-0.46,200648,284521
1192.39,V,-2.17,-2.10,226889,310754
1192.42,V,0.50,0.54,278282,362145
1192.45,V,-0.48,-0.43,272801,356662
1192.45,V,-0.48,-0.43,272801,356662
1192.45,V,0.03,0.09,278282,362143
1192.45,V,0.03,0.09,278282,362143
1192.54,V,0.14,0.20,220208,304062
1192.84,V,-0.98,-0.91,220623,304456
1193.07,V,-0.59,-0.58,228020,311838
1193.18,V,-0.38,-0.33,190400,274210
1193.49,V,-0.43,-0.38,190400,274189
1193.84,V,-0.63,-0.66,223376,307139
1193.85,V,-0.37,-0.35,278380,362143
1194.03,IV,-1.94,-2.07,232442,316192
1194.28,V,-0.23,-0.16,228105,311838
1194.40,V,-1.03,-0.98,220208,303932
1194.50,V,-0.57,-0.54,220938,304655
1194.53,VI,-1.59,-1.56,308998,392713
1194.66,V,-1.68,-1.59,230532,314238
1194.79,V,-1.24,-1.20,201850,285546
1194.88,V,0.24,0.29,227543,311233
1195.06,V,-1.00,-1.12,227543,311220
1195.93,V,-1.76,-1.73,272755,356372
1196.06,V,-0.05,0.01,239615,323222
1196.16,V,-0.21,-0.14,228105,311706
1196.23,VI,-1.32,-1.27,308998,392594
1196.58,V,-1.47,-1.49,272801,356372
1196.72,V,0.00,0.06,228020,311582
1196.72,V,-0.26,-0.20,226889,310450
1197.33,VI,-1.59,-1.62,308998,392517
1197.35,V,-0.65,-0.61,220938,304456
1197.35,IV,-1.57,-1.59,214413,297931
1197.42,V,-0.38,-0.32,223477,306989
1197.83,V,-0.54,-0.49,246477,329961
1198.04,V,-0.70,-0.70,220623,304092
1198.12,V,-0.37,-0.39,223214,306678
1198.47,V,0.22,0.27,220623,304062
1198.58,V,-1.12,-1.04,227801,311233
1198.82,V,0.50,0.55,265752,349168
1199.28,V,-0.91,-0.86,221272,304655
1199.55,V,-1.03,-0.95,236040,319404
1199.65,V,-1.84,-1.83,236331,319689
1199.74,IV,-2.01,-2.05,229064,312416
1199.83,V,-0.12,-0.07,236059,319404
1199.95,V,0.19,0.24,243140,326477
1199.95,V,-0.29,-0.23,246624,329961
1200.35,V,-0.10,-0.03,220623,303932
1200.44,V,-1.78,-1.88,223376,306678
1201.22,V,0.64,0.68,220208,303456
1201.49,V,-0.30,-0.30,222886,306116
1201.74,V,-1.51,-1.61,228020,311233
1201.90,V,-0.51,-0.49,223477,306678
1201.92,V,-1.57,-1.51,228020,311220
1202.15,V,-0.64,-0.65,221272,304456
1202.32,V,-1.39,-1.31,228048,311220
1202.73,VI,-1.75,-1.65,309111,392255
1203.08,V,-0.58,-0.55,272755,355875
1203.15,V,-0.26,-0.21,228105,311220
1203.17,IV,-1.35,-1.29,250623,333737
1203.25,V,-1.40,-1.36,201413,284521
1203.30,V,-0.51,-0.48,256273,339378
1203.74,V,-1.41,-1.35,227801,310875
1204.07,V,-0.28,-0.22,222401,305453
1204.57,IV,-0.81,-0.83,230236,313253
1204.91,V,0.13,0.19,220938,303932
1205.21,V,-1.56,-1.54,236331,319304
1205.43,V,-0.42,-0.51,226311,309269
1205.68,V,-0.46,-0.48,227543,310483
1205.94,V,-0.56,-0.52,239541,322464
1206.15,IV,-2.35,-2.29,213665,296573
1206.25,V,-0.24,-0.21,223214,306116
1206.79,V,-0.92,-0.86,236059,318923
1206.81,V,-0.13,-0.09,246477,329340
1206.99,V,-1.92,-1.83,272755,355606
1207.01,V,-0.70,-0.76,239615,322464
1207.22,V,0.24,0.31,239541,322376
1207.33,V,-0.04,0.02,228048,310875
1207.52,V,-0.40,-0.33,226889,309703
1208.29,V,-0.21,-0.20,239615,322376
1208.70,V,-0.10,-0.04,228020,310754
1208.97,V,-0.69,-0.56,246624,329340
1209.28,VI,-1.63,-1.49,308998,391692
1209.41,IV,-0.78,-0.76,244671,327357
1209.47,V,-2.26,-2.22,226889,309570
1209.94,V,-1.04,-1.06,228105,310754
1210.08,V,-1.14,-1.10,223477,306116
1210.56,V,-0.02,0.04,234036,316643
1210.60,IV,-1.35,-1.20,244753,327357
1210.77,V,0.12,0.17,236331,318923
1210.93,VI,-1.20,-1.14,309111,391692
1211.08,V,-0.44,-0.39,265752,348324
1211.13,V,-0.29,-0.27,222886,305453
1211.38,V,-0.38,-0.37,229588,312138
1212.02,V,-0.04,-0.02,226311,308818
1212.11,V,-2.14,-2.04,199441,281942
1212.58,V,-0.13,-0.06,223376,305844
1213.92,V,0.16,0.21,243140,325519
1214.22,V,-0.86,-0.73,220623,302980
1214.35,V,0.33,0.37,265975,348324
1214.40,V,-1.03,-1.11,228105,310450
1214.62,V,-1.59,-1.63,219203,301533
1215.07,IV,-0.53,-0.47,233299,315599
1215.49,V,-1.16,-1.31,220938,303209
1215.50,IV,-2.00,-2.04,230331,312602
1215.68,V,-0.04,-0.03,227543,309801
1215.75,V,-1.10,-0.99,222401,304655
1215.97,V,-0.88,-0.87,223214,305453
1216.42,V,-0.41,-0.35,229774,311982
1216.44,V,-0.63,-0.63,221272,303479
1216.54,VI,-1.92,-1.84,308998,391198
1216.85,IV,-0.69,-0.73,230236,312416
1217.14,IV,-1.59,-1.60,214413,296573
1217.25,IV,-2.00,-1.92,245204,327357
1217.31,V,0.01,0.03,235053,317201
1217.50,IV,-2.43,-2.49,230331,312467
1217.83,V,0.08,0.12,234036,316149
1217.96,V,-0.63,-0.64,272801,354905
1218.22,VI,-1.63,-1.54,309111,391198
1218.31,IV,-2.34,-2.34,214413,296494
1218.88,V,-0.64,-0.52,220938,302980
1218.91,V,-1.97,-1.93,265752,347793
1219.57,V,-1.98,-1.93,272801,354797
1219.59,V,-0.40,-0.34,229588,311582
1219.91,V,-1.81,-1.74,200648,282622
1219.96,V,-2.37,-2.41,221272,303242
1220.44,V,-0.46,-0.43,221272,303209
1220.51,V,-0.96,-0.98,229774,311706
1220.90,V,0.21,0.26,265886,347793
1221.34,V,0.08,0.13,219203,301081
1221.80,IV,-1.57,-1.44,230236,312083
1222.22,V,-0.43,-0.38,265975,347793
1222.60,V,-0.89,-0.85,272755,354548
1222.69,V,0.40,0.45,256272,338059
1222.78,V,-0.65,-0.65,228020,309801
1222.80,IV,-1.73,-1.69,215133,296912
1222.85,V,-0.55,-0.50,278282,360058
1222.95,V,-0.38,-0.33,222886,304655
1222.97,V,-0.61,-0.50,243140,324909
1223.06,IV,-1.68,-1.79,230236,311998
1223.18,V,-0.62,-0.57,226311,308065
1223.22,V,-0.37,-0.32,228020,309772
1223.22,V,-1.85,-1.72,227543,309294
1223.22,IV,-0.82,-0.82,230331,312083
1223.34,V,-0.04,0.02,256272,338016
1223.59,V,-0.97,-0.89,227543,309269
1223.62,V,-0.36,-0.31,228048,309772
1223.72,V,0.16,0.18,238234,319952
1223.86,V,0.12,0.15,221272,302980
1224.05,V,-1.00,-1.03,228105,309801
1224.13,V,0.20,0.25,222401,304092
1224.32,V,0.35,0.40,278380,360058
1224.80,V,-1.52,-1.55,238305,319952
1224.81,V,-0.70,-0.75,229588,311233
1225.00,V,-1.88,-1.86,229588,311220
1225.64,V,-1.43,-1.38,235053,316643
1225.79,IV,-2.19,-2.29,229694,311274
1225.83,V,-0.20,-0.14,221664,303242
1225.94,V,-0.81,-0.89,222886,304456
1226.25,V,-1.15,-1.07,228020,309570
1226.37,V,-0.16,-0.11,230532,312073
1226.54,V,-0.27,-0.29,222401,303932
1226.58,V,0.09,0.14,265692,347219
1226.79,V,-1.20,-1.19,226311,307825
1226.88,VI,-2.01,-1.94,309111,390618
1227.18,V,-0.73,-0.66,199441,280929
1227.47,V,0.06,0.13,227801,309269
1227.53,V,-0.89,-0.84,228105,309570
1227.89,V,-1.17,-1.13,223214,304655
1228.30,IV,-0.42,-0.30,250623,332036
1229.51,V,-0.60,-0.55,265886,347219
1229.92,V,-0.43,-0.37,230532,311838
1230.06,V,-0.31,-0.26,221664,302961
1230.10,V,-0.49,-0.43,200648,281942
1230.20,V,-0.28,-0.20,229588,310875
1230.39,V,-0.65,-0.67,227543,308818
1230.41,V,-0.75,-0.69,228020,309294
1230.82,V,-1.67,-1.52,228048,309294
1230.86,V,-1.96,-1.91,265975,347219
1230.94,V,-1.40,-1.38,272801,354039
1231.40,V,-0.56,-0.51,201413,282622
1231.43,V,-0.48,-0.40,222886,304092
1231.70,V,-1.39,-1.36,228105,309294
1231.91,V,-1.40,-1.35,230532,311706
1231.92,V,0.63,0.68,238234,319408
1232.04,V,-1.01,-0.95,229588,310754
1232.62,V,0.27,0.31,220208,301336
1232.84,V,-0.73,-0.77,238305,319419
1232.87,V,-0.96,-0.91,278380,359492
1233.33,V,-0.14,-0.08,235053,316134
1233.37,V,-0.84,-0.82,220208,301286
1233.42,IV,-1.90,-1.89,214835,295910
1234.30,V,0.02,0.10,227801,308818
1234.48,IV,-2.15,-2.02,243725,324731
1235.44,IV,-2.19,-2.16,230331,311274
1236.24,V,-1.21,-1.17,272755,353646
1236.93,V,0.23,0.28,272801,353646
1237.50,V,-0.20,-0.18,222401,303209
1237.66,V,-1.37,-1.44,228020,308818
1237.75,V,-1.12,-1.08,246477,327268
1238.06,V,-0.13,-0.08,201850,282622
1238.19,V,-0.07,-0.04,220623,301386
1238.31,V,-1.06,-0.97,246624,327380
1238.69,V,-2.09,-2.07,272755,353486
1238.95,V,0.16,0.22,220623,301336
1239.33,V,0.02,0.09,230532,311220
1239.39,V,-2.40,-2.35,272801,353486
1239.47,IV,-1.32,-1.24,230331,311011
1239.51,V,-0.63,-0.55,229774,310450
1239.72,V,0.22,0.26,220623,301286
1239.95,V,-0.09,-0.07,220938,301587
1240.02,V,-0.37,-0.33,246624,327268
1240.30,IV,-1.99,-1.91,242530,323155
1240.80,V,-0.32,-0.26,222886,303479
1240.95,V,-1.50,-1.51,236059,316643
1241.02,V,-0.78,-0.71,222401,302980
1241.25,IV,-2.14,-2.21,230236,310800
1241.78,V,0.08,0.13,201413,281942
1242.62,IV,-1.86,-1.85,217079,297554
1243.04,V,-1.29,-1.17,227543,307991
1243.05,V,-0.19,-0.14,220938,301386
1243.12,V,-0.32,-0.27,278282,358725
1243.52,IV,-2.00,-2.13,233299,313715
1243.62,V,0.14,0.23,239541,319952
1244.46,V,-1.73,-1.67,222886,303242
1244.58,V,0.05,0.12,220938,301286
1244.96,V,-0.63,-0.73,222886,303209
1245.15,V,-1.71,-1.69,236331,316643
1245.61,V,-1.00,-0.93,227543,307825
1245.63,V,0.26,0.31,200648,280929
1245.88,V,-0.41,-0.36,223214,303479
1245.93,V,-0.35,-0.29,221272,301533
1246.11,V,-0.54,-0.54,226889,307139
1246.54,V,-0.45,-0.43,230532,310754
1246.66,V,-0.26,-0.19,220623,300837
1246.67,V,-0.88,-0.85,229588,309801
1246.94,IV,-1.69,-1.83,241855,322051
1246.99,V,0.32,0.37,220208,300401
1247.12,V,-0.04,0.03,229588,309772
1248.03,IV,-2.27,-2.28,243029,323155
1248.23,V,-0.26,-0.15,221272,301386
1248.52,V,-1.31,-1.43,222886,302980
1248.53,V,-1.51,-1.51,236040,316134
1248.83,V,-1.82,-1.81,236059,316134
1249.13,V,-0.49,-0.44,199441,279497
1249.57,V,-1.92,-1.96,223214,303242
1249.73,V,-0.47,-0.48,228048,308065
1249.73,V,-0.29,-0.27,226889,306906
1249.96,V,-0.62,-0.56,223477,303479
1249.99,V,-0.81,-0.77,246477,326477
1250.08,V,-0.86,-0.90,223214,303209
1250.26,V,-0.15,-0.18,221272,301255
1250.32,V,0.39,0.44,199441,279421
1250.46,V,-0.50,-0.46,228020,307991
1250.89,V,-1.14,-1.17,228048,307991
1251.11,V,-1.29,-1.32,229774,309703
1251.27,V,-1.95,-1.85,230532,310450
1251.58,V,-0.03,-0.02,220938,300837
1251.73,V,-1.46,-1.42,228020,307910
1251.91,V,-0.47,-0.48,239541,319419
1252.71,V,0.32,0.37,272755,352582
1253.00,V,-1.98,-1.97,221272,301081
1253.07,V,0.18,0.23,239615,319419
1253.07,V,-1.20,-1.16,228020,307825
1253.07,V,-1.20,-1.16,228020,307825
1253.07,V,-0.26,-0.22,228105,307910
1253.07,V,-0.26,-0.22,228105,307910
1253.47,V,-1.02,-1.01,220623,300401
1253.71,V,-0.56,-0.48,239541,319304
1253.76,IV,-1.93,-2.02,218171,297931
1254.55,VI,-0.93,-0.87,308998,388708
1254.60,V,-0.22,-0.15,229588,309294
1254.87,V,-1.39,-1.49,239615,319304
1255.27,V,-0.11,-0.06,272755,352419
1255.29,V,-0.76,-0.71,256272,335935
1255.30,V,0.24,0.29,256273,335935
1255.99,V,-1.16,-1.12,272801,352419
1256.51,V,-1.94,-1.94,223376,302961
1256.73,V,0.13,0.23,226311,305883
1256.83,V,-0.53,-0.51,221272,300837
1257.52,IV,-1.77,-1.81,242530,322051
1257.94,IV,-2.36,-2.49,243029,322524
1257.95,IV,-2.35,-2.36,217079,296573
1258.37,IV,-1.72,-1.64,217445,296912
1258.45,V,-1.01,-1.07,220938,300401
1258.70,V,-0.51,-0.56,246477,325923
1258.71,IV,-1.73,-1.81,244671,324118
1258.74,VI,-2.48,-2.41,308998,388442
1259.17,V,-0.46,-0.41,200648,280066
1259.19,V,-1.23,-1.16,221664,301081
1260.54,VI,-1.34,-1.29,309111,388442
1260.56,V,-0.52,-0.48,243140,322470
1260.80,VI,-1.71,-1.65,308998,388312
1261.04,IV,-1.49,-1.50,218631,297931
1261.05,V,-1.88,-1.83,246624,325923
1261.37,IV,-1.18,-1.28,213360,292639
1261.52,V,-1.43,-1.47,230532,309801
1262.14,V,-1.49,-1.61,229588,308818
1262.28,V,0.19,0.23,199441,278663
1263.14,IV,-1.84,-1.80,233299,312467
1263.82,VI,-1.41,-1.35,309111,388236
1264.36,V,-1.05,-1.02,227801,306892
1265.00,V,-2.31,-2.21,243140,322192
1265.21,V,-0.94,-0.79,230532,309570
1265.29,V,-1.58,-1.63,228105,307139
1265.46,IV,-2.42,-2.40,243029,322051
1265.71,V,-0.62,-0.58,238234,317240
1266.07,V,-0.81,-0.83,222401,301386
1266.46,V,-0.60,-0.55,201413,280373
1266.65,V,-2.17,-2.18,236040,314988
1266.76,V,-1.51,-1.43,200648,279590
1266.86,V,0.53,0.58,238305,317240
1267.00,IV,-1.36,-1.27,218628,297554
1267.49,V,-0.79,-0.67,238305,317201
1267.52,V,-2.49,-2.39,246624,325519
1267.66,V,-2.20,-2.26,228020,306906
1267.67,V,-1.43,-1.56,222401,301286
1267.76,V,-2.30,-2.29,236109,314988
1268.17,V,-0.47,-0.45,222401,301255
1268.18,V,-1.64,-1.58,199441,278295
1268.25,V,-0.15,-0.10,200648,279497
1268.32,V,0.22,0.21,228048,306892
1268.52,IV,-2.33,-2.28,232442,311274
1269.35,V,-0.10,-0.05,187779,266560
1269.64,V,-1.58,-1.64,230532,309294
1270.54,IV,-1.14,-1.26,213932,292639
1271.41,V,-0.48,-0.43,201413,280066
1271.49,V,-0.79,-0.78,222886,301533
1271.78,V,-0.26,-0.21,272801,351431
1273.50,V,-0.62,-0.56,201850,280373
1273.89,V,-0.80,-0.79,222886,301386
1274.44,IV,-1.81,-1.72,217445,295910
1274.49,IV,-0.92,-1.00,213535,291997
1274.74,V,0.39,0.44,187779,266227
1274.93,IV,-1.68,-1.72,218138,296573
1274.93,V,-0.50,-0.39,222401,300837
1275.14,IV,-2.47,-2.44,242530,320953
1275.20,IV,-2.46,-2.40,217621,296040
1275.46,V,-1.20,-1.18,229588,307991
1275.47,IV,-1.65,-1.67,218171,296573
1275.96,V,-0.73,-0.77,223214,301587
1276.00,V,-0.39,-0.28,222886,301255
1276.72,IV,-2.46,-2.48,243725,322051
1276.76,IV,-1.69,-1.83,218171,296494
1276.83,V,-0.43,-0.38,223214,301533
1277.10,V,-0.62,-0.59,243140,321443
1277.40,IV,-1.86,-1.76,218628,296912
1277.69,IV,-1.88,-1.95,215133,293399
1278.17,V,-0.49,-0.46,229588,307825
1278.18,V,-0.04,0.01,188833,267069
1278.35,IV,-1.56,-1.48,214413,292639
1278.37,V,-2.07,-2.03,243140,321365
1278.51,V,-0.77,-0.71,201850,280066
1278.85,IV,-2.14,-2.10,213535,291730
1279.15,V,-1.11,-1.04,201413,279590
1279.56,IV,-2.42,-2.48,219403,297554
1279.67,V,-0.22,-0.11,226311,304456
1280.49,V,-1.66,-1.61,228020,306116
1280.57,V,-1.58,-1.56,278282,356372
1280.67,V,-0.71,-0.65,201413,279497
1280.70,V,0.24,0.26,227801,305883
1280.92,V,-0.94,-0.89,234036,312106
1281.01,IV,-2.33,-2.37,219867,297931
1281.12,V,-0.29,-0.25,223477,301533
1281.37,V,-0.44,-0.36,223214,301255
1281.46,IV,-1.02,-1.17,213535,291571
1281.48,IV,-2.03,-1.97,243029,321064
1281.81,V,-0.94,-0.85,200648,278663
1281.88,V,-1.36,-1.41,228105,306116
1282.05,V,-0.21,-0.15,222401,300401
1282.59,IV,-1.33,-1.27,218945,296912
1282.85,V,-0.41,-0.35,222886,300837
1282.86,IV,-1.59,-1.72,245204,323155
1282.95,IV,-2.13,-2.16,218628,296573
1283.14,V,-1.28,-1.22,243140,321074
1283.31,IV,-1.92,-1.87,243029,320953
1283.52,IV,-0.99,-0.93,218000,295910
1283.52,V,-0.67,-0.55,227543,305453
1283.59,V,-2.25,-2.23,236331,314238
1283.67,V,-0.12,-0.08,189587,267489
1285.65,V,-1.28,-1.22,226311,304092
1285.83,IV,-2.31,-2.36,244753,322524
1286.13,IV,-1.83,-1.90,243029,320782
1286.15,V,-0.11,-0.12,226311,304062
1286.34,V,-1.45,-1.37,201850,279590
1286.35,V,-1.58,-1.70,228105,305844
1286.55,V,-0.01,0.04,188833,266560
1287.22,IV,-1.66,-1.63,217621,295308
1287.66,V,-0.77,-0.66,239541,317201
1287.69,V,-0.36,-0.32,190100,267759
1287.89,V,-0.71,-0.65,200648,278295
1288.04,VI,-1.43,-1.37,265639,343277
1288.31,V,-1.45,-1.43,226311,303932
1288.40,IV,-2.17,-2.23,220316,297931
1288.50,V,-1.77,-1.74,265692,343301
1288.59,V,-2.02,-2.08,223477,301081
1288.77,V,-2.27,-2.27,278282,355875
1288.88,V,-0.73,-0.59,239615,317201
1288.91,V,-1.53,-1.54,265752,343337
1288.93,IV,-1.70,-1.64,214413,291997
1289.56,V,-1.32,-1.36,234036,311582
1290.62,V,-0.53,-0.49,189587,267069
1291.01,V,-1.05,-1.00,230532,307991
1291.14,V,-2.07,-2.04,265886,343337
1291.44,V,-1.81,-1.84,228020,305453
1291.89,V,-0.80,-0.79,228048,305453
1292.09,V,-0.64,-0.59,188833,266227
1292.18,V,-1.75,-1.70,190100,267489
1292.24,IV,-1.93,-1.98,217079,294464
1292.36,V,-0.60,-0.56,230532,307910
1292.55,IV,-1.98,-1.86,242530,319896
1292.57,V,-0.76,-0.72,229774,307139
1292.62,V,-2.15,-2.11,265975,343337
1292.68,V,-1.01,-0.97,190400,267759
1292.82,IV,-1.53,-1.40,213535,290885
1292.86,V,-1.24,-1.17,228105,305453
1293.22,V,-1.93,-1.91,265975,343301
1293.33,IV,-2.08,-2.19,245204,322524
1293.36,V,-1.12,-1.11,229588,306906
1293.45,IV,-2.21,-2.30,216703,294015
1294.69,IV,-1.50,-1.61,244813,322051
1294.88,IV,-2.00,-1.88,243725,320953
1294.90,V,-2.05,-2.03,278380,355606
1295.00,IV,-1.10,-1.02,213665,290885
1295.61,V,-1.59,-1.51,234036,311220
1296.87,IV,-0.76,-0.86,213665,290774
1296.99,V,-0.77,-0.72,239541,316643
1297.09,IV,-1.89,-1.76,218815,295910
1297.21,V,-0.53,-0.48,190400,267489
1297.26,V,-1.56,-1.44,235053,312138
1299.16,V,-0.44,-0.40,189587,266560
1299.23,V,-0.41,-0.36,190100,267069
1299.28,IV,-2.25,-2.21,218945,295910
1299.94,V,-0.51,-0.45,199441,276368
1300.16,V,-1.46,-1.42,227543,304456
1300.29,IV,-2.24,-2.29,217109,294015
1300.70,V,-1.27,-1.19,201413,278295
1301.43,V,-2.44,-2.34,234036,310875
1301.60,IV,-2.29,-2.32,214319,291147
1301.73,IV,-1.43,-1.42,215133,291954
1302.33,V,-1.44,-1.45,235053,311838
1304.23,V,-1.67,-1.66,256273,332946
1304.30,V,-0.53,-0.49,226311,302980
1304.54,V,-0.32,-0.26,227801,304456
1304.89,V,-0.97,-0.93,228020,304655
1305.08,V,-2.25,-2.17,278282,354905
1305.34,V,-2.43,-2.44,239541,316149
1305.36,V,-0.44,-0.44,228048,304655
1305.36,V,-0.99,-0.98,230532,307139
1305.52,V,-1.91,-1.84,246624,323222
1305.65,V,-1.62,-1.54,226889,303479
1305.72,VI,-1.87,-1.82,265639,342225
1306.20,IV,-1.22,-1.36,243029,319587
1306.34,V,-0.72,-0.67,228105,304655
1306.34,V,-1.19,-1.19,227543,304092
1306.66,IV,-1.23,-1.37,217621,294152
1306.68,V,-2.37,-2.47,235053,311582
1306.86,V,-1.05,-1.02,239615,316134
1308.10,V,-0.39,-0.38,234036,310483
1308.22,IV,-2.44,-2.40,213535,289974
1308.29,V,-0.51,-0.48,228020,304456
1308.31,IV,-2.49,-2.43,217079,293514
1308.41,IV,-2.14,-2.13,215133,291562
1308.75,V,-2.23,-2.25,228048,304456
1309.09,V,-0.43,-0.42,227543,303932
1309.49,IV,-2.40,-2.38,217650,294015
1309.71,V,-0.34,-0.29,226889,303242
1310.29,IV,-1.72,-1.79,216703,293022
1310.76,V,-0.82,-0.90,227801,304092
1311.17,V,-1.55,-1.60,246477,322744
1311.24,V,-1.11,-1.12,243140,319404
1311.34,IV,-1.99,-1.95,220316,296573
1312.67,V,-0.60,-0.59,235053,311233
1312.96,V,-1.53,-1.52,243140,319304
1313.52,V,-1.40,-1.31,227801,303932
1313.88,IV,-1.62,-1.61,244671,320782
1314.17,V,-1.39,-1.40,228105,304199
1314.54,V,-1.94,-1.92,226889,302961
1314.57,V,-0.76,-0.80,229774,305844
1315.02,V,-1.40,-1.27,228048,304092
1315.30,IV,-1.95,-1.82,244753,320782
1315.54,IV,-1.03,-1.05,215133,291147
1316.00,IV,-2.41,-2.40,218028,294015
1316.00,V,-1.38,-1.32,246477,322464
1316.20,IV,-1.45,-1.47,213665,289642
1316.75,V,-1.77,-1.83,246624,322569
1316.79,IV,-1.53,-1.51,217079,293022
1318.12,V,-1.95,-1.86,229588,305453
1318.19,IV,-1.20,-1.25,243725,319587
1318.22,IV,-2.40,-2.36,245204,321064
1318.47,V,-2.36,-2.34,246624,322470
1318.49,IV,-2.37,-2.34,218171,294015
1318.64,IV,-2.44,-2.35,213535,289370
1318.87,V,-0.33,-0.26,235053,310875
1319.30,V,-0.98,-0.95,236040,311838
1319.56,V,-1.31,-1.29,243140,318923
1319.63,V,-1.12,-1.09,236059,311838
1319.87,V,-1.64,-1.67,234036,309801
1320.16,IV,-2.18,-2.20,245204,320953
1320.38,V,-1.38,-1.28,234036,309772
1320.57,IV,-2.30,-2.36,220316,296040
1320.66,V,-1.53,-1.43,200648,276368
1320.70,IV,-1.56,-1.58,243029,318746
1320.91,IV,-1.88,-1.86,213665,289370
1320.98,V,-1.74,-1.75,235053,310754
1321.59,V,-1.15,-1.09,236040,311706
1321.92,V,-2.07,-2.00,236059,311706
1322.80,V,-0.89,-0.83,236109,311706
1323.02,VI,-1.29,-1.27,322792,398377
1323.03,V,-1.74,-1.74,230532,306116
1323.15,IV,-1.96,-2.05,245204,320782
1323.30,V,-1.02,-0.96,272755,348324
1324.09,V,-0.88,-0.87,236059,311582
1324.39,V,-2.13,-2.10,236331,311838
1324.87,IV,-1.12,-1.20,244417,319896
1326.02,IV,-1.90,-1.77,215734,291147
1326.54,IV,-1.76,-1.67,218631,294015
1326.75,IV,-1.86,-1.79,217650,293022
1327.62,IV,-0.91,-1.02,214319,289642
1327.80,V,-1.25,-1.31,230532,305844
1328.12,IV,-2.35,-2.33,216703,291997
1328.21,IV,-1.43,-1.44,218726,294015
1328.62,V,-1.38,-1.33,278380,353646
1328.77,V,-0.53,-0.48,234036,309294
1328.83,IV,-2.30,-2.32,214319,289573
1328.88,V,-1.17,-1.16,236331,311582
1329.09,IV,-1.75,-1.82,244753,319993
1329.21,V,-0.01,0.04,234036,309269
1329.41,V,-1.54,-1.52,228020,303242
1329.47,VI,-1.23,-1.20,322805,398023
1329.59,IV,-0.61,-0.70,214319,289530
1329.98,V,-2.22,-2.14,228020,303209
1330.14,IV,-1.85,-1.71,244813,319993
1330.14,V,-0.79,-0.80,227801,302980
1330.45,V,-1.70,-1.60,256272,331435
1330.46,V,-1.65,-1.62,228048,303209
1330.47,V,-1.90,-1.97,236059,311220
1330.80,IV,-1.31,-1.36,244753,319896
1331.49,V,-1.25,-1.27,228105,303209
1332.01,V,-1.60,-1.54,226311,301386
1332.13,V,-0.77,-0.69,229588,304655
1332.14,V,0.09,0.14,265752,340820
1332.78,V,-2.47,-2.44,265692,340723
1333.45,IV,-0.75,-0.69,220917,295910
1333.47,V,-1.48,-1.42,272801,347793
1333.77,V,-2.30,-2.22,226311,301286
1333.93,V,-2.32,-2.20,246477,321443
1334.04,V,-1.24,-1.10,228020,302980
1334.52,V,-2.28,-2.28,265886,340820
1334.53,V,-1.13,-1.13,228048,302980
1334.70,IV,-1.60,-1.71,221650,296573
1334.84,IV,-1.55,-1.59,244671,319587
1335.08,V,-1.02,-0.97,236331,311233
1335.09,IV,-2.24,-2.12,213665,288566
1335.40,IV,-1.70,-1.64,218138,293022
1335.57,IV,-2.16,-2.20,217079,291954
1336.10,V,-1.08,-1.03,265975,340820
1336.24,V,-0.99,-0.94,265886,340723
1336.28,IV,-2.21,-2.10,221739,296573
1336.56,V,-2.46,-2.43,246624,321443
1337.06,V,-1.45,-1.44,265692,340483
1337.13,IV,-1.00,-1.00,218726,293514
1337.23,V,-1.86,-1.88,234036,308818
1337.83,V,-0.15,-0.11,265975,340723
1337.96,V,-2.10,-2.11,246624,321365
1338.34,V,-0.72,-0.69,235053,309772
1338.44,V,-1.13,-1.05,236040,310754
1338.60,V,-2.23,-2.23,199441,274146
1338.78,V,-1.46,-1.38,236059,310754
1339.91,V,-1.61,-1.62,199441,274073
1340.07,V,-1.01,-1.00,199441,274065
1340.28,V,-1.14,-1.10,229588,304199
1340.54,V,-0.77,-0.75,265886,340483
1341.50,V,-1.41,-1.44,236331,310875
1341.79,VI,-1.14,-1.11,322877,397404
1341.81,V,-1.32,-1.37,226311,300837
1341.97,V,-0.97,-0.90,235053,309570
1342.02,IV,-0.84,-0.78,222398,296912
1342.11,IV,-1.75,-1.72,217445,291954
1342.20,V,-1.27,-1.26,229588,304092
1342.42,V,-0.50,-0.45,256272,330765
1343.76,V,-2.24,-2.20,272801,347219
1343.90,V,-2.28,-2.42,236040,310450
1344.20,IV,-2.24,-2.33,218628,293022
1344.26,IV,-2.08,-2.05,218631,293022
1345.14,V,-2.12,-2.22,236109,310450
1345.80,IV,-1.02,-0.96,272944,347249
1345.89,V,-1.02,-0.98,278282,352582
1345.98,IV,-2.46,-2.47,218726,293022
1346.84,IV,-1.47,-1.49,214319,288566
1346.95,V,-1.38,-1.34,235053,309294
1347.67,V,-2.49,-2.47,278380,352582
1347.86,V,-0.64,-0.61,226889,301081
1348.31,IV,-2.11,-2.17,223764,297931
1348.55,V,-0.65,-0.60,265692,339846
1349.70,V,-0.61,-0.58,226311,300401
1349.83,IV,-2.31,-2.20,223847,297931
1349.99,IV,-1.16,-1.11,244671,318746
1350.18,IV,-1.90,-1.93,245204,319268
1350.64,V,-2.31,-2.29,278380,352419
1351.48,IV,-1.82,-1.77,244753,318746
1352.19,V,-0.83,-0.83,234036,307991
1352.61,IV,-0.98,-0.92,223623,297554
1353.33,V,-1.48,-1.46,229588,303479
1353.70,V,-1.06,-1.04,238234,312106
1353.91,IV,-2.10,-2.20,224071,297931
1354.30,IV,-2.47,-2.48,215734,289573
1354.41,V,-1.49,-1.44,238305,312138
1355.23,V,-1.75,-1.70,234036,307825
1355.65,V,-1.91,-1.84,235053,308818
1356.07,V,-1.09,-1.00,236059,309801
1356.62,V,-1.04,-1.08,227543,301255
1356.80,IV,-1.62,-1.62,217445,291147
1357.08,V,-0.90,-0.87,256273,329961
1357.10,V,-1.28,-1.21,265692,339378
1357.70,V,-1.09,-1.04,229588,303242
1358.29,V,-1.30,-1.38,229588,303209
1358.35,IV,-2.43,-2.43,219403,293022
1358.84,V,-2.17,-2.18,246624,320216
1358.97,V,-1.06,-1.08,227801,301386
1359.32,V,-2.00,-1.85,228020,301587
1359.77,IV,-1.67,-1.75,245204,318746
1359.80,V,-2.02,-2.00,200648,274189
1359.82,V,-0.50,-0.51,228048,301587
1359.89,V,-0.43,-0.40,227801,301336
1360.30,V,-1.65,-1.66,228020,301533
1360.34,V,-2.32,-2.20,236059,309570
1360.50,V,-0.42,-0.38,243140,316643
1360.58,V,-1.91,-1.90,200648,274146
1360.70,V,-0.61,-0.54,265886,339378
1360.84,IV,-2.24,-2.19,224071,297554
1360.89,V,-1.11,-1.05,228105,301587
1361.03,IV,-2.08,-2.18,217079,290553
1361.10,V,-1.50,-1.42,236331,309801
1361.88,V,-1.59,-1.52,228105,301533
1361.93,V,-1.03,-1.01,200648,274073
1362.53,V,-2.15,-2.13,229588,302980
1363.04,V,-0.99,-0.97,228020,301386
1364.36,V,-1.22,-1.18,227543,300837
1364.80,IV,-1.69,-1.63,214319,287589
1365.40,V,-0.76,-0.71,228048,301286
1365.46,V,-2.01,-2.01,236059,309294
1365.46,V,-2.01,-2.01,236059,309294
1365.47,V,-1.25,-1.22,228020,301255
1365.47,V,-1.25,-1.22,228020,301255
1366.35,V,-2.26,-2.24,229774,302961
1368.61,V,-0.79,-0.82,256272,329340
1368.61,V,-2.03,-1.92,256273,329340
1368.73,V,-2.08,-2.06,228020,301081
1369.18,V,-1.68,-1.59,227801,300837
1369.69,IV,-2.48,-2.48,218945,291954
1370.56,V,-1.92,-1.84,236331,309294
1370.85,V,-1.33,-1.29,230532,303479
1371.02,V,-1.20,-1.19,235053,307991
1371.22,V,-1.10,-1.08,238305,311233
1371.22,V,-2.48,-2.42,246477,319404
1372.52,V,-1.33,-1.33,227543,300401
1372.55,V,-0.78,-0.76,235053,307910
1373.10,V,-2.09,-2.02,246477,319304
1373.69,V,-2.04,-2.02,201413,274210
1374.09,V,-2.10,-2.08,201413,274189
1374.88,V,-1.25,-1.22,201413,274146
1375.33,V,-2.33,-2.28,230532,303242
1377.99,V,-1.00,-0.94,238305,310875
1379.26,IV,-1.84,-1.85,224071,296573
1379.57,V,-0.76,-0.69,236331,308818
1380.33,V,-2.28,-2.28,246477,318923
1381.98,V,-1.99,-1.97,201850,274210
1382.38,V,-1.59,-1.57,201850,274189
1382.99,V,-2.23,-2.22,265752,338059
1384.09,V,-0.81,-0.80,238234,310483
1384.60,V,-2.07,-2.02,239615,311838
1386.39,V,-2.23,-2.12,265886,338016
1386.42,IV,-2.18,-2.30,217445,289573
1387.72,IV,-1.02,-1.06,244671,316732
1388.09,V,-2.26,-2.19,239541,311582
1388.10,V,-1.52,-1.42,265975,338016
1388.90,V,-0.93,-0.90,229588,301587
1389.51,V,-1.96,-2.03,239615,311582
1389.93,V,-2.09,-2.05,229588,301533
1390.21,V,-1.89,-1.86,236059,307991
1391.41,V,-1.89,-1.89,236040,307910
1391.73,V,-2.04,-1.94,235053,306906
1392.80,V,-1.62,-1.63,229588,301386
1394.86,V,-1.81,-1.82,239541,311233
1395.10,IV,-2.30,-2.28,222336,294015
1395.90,IV,-2.43,-2.40,220316,291954
1396.54,V,-1.32,-1.28,239615,311220
1398.73,V,-2.09,-2.03,236331,307825
1398.74,V,-1.62,-1.58,229588,301081
1399.25,V,-0.93,-0.90,238305,309772
1400.00,IV,-1.92,-1.97,250623,322051
1400.23,V,-1.98,-1.96,234036,305453
1401.71,IV,-2.41,-2.37,242530,313872
1401.86,V,-1.92,-1.87,239541,310875
1403.52,V,-1.67,-1.62,229588,300837
1405.69,V,-1.92,-1.89,239615,310754
1407.36,V,-1.61,-1.61,230532,301587
1407.75,V,-0.62,-0.56,238234,309269
1408.42,V,-1.72,-1.68,230532,301533
1408.42,IV,-1.73,-1.74,222398,293399
1408.55,V,-1.59,-1.59,256273,327268
1409.46,V,-1.37,-1.31,236040,306989
1409.48,IV,-1.73,-1.70,220917,291865
1410.83,V,-1.45,-1.36,236109,306989
1411.11,V,-2.22,-2.08,236040,306906
1411.52,IV,-2.34,-2.19,244753,315599
1411.60,IV,-1.82,-1.83,223623,294464
1413.00,IV,-1.70,-1.82,227160,297931
1413.88,IV,-1.79,-1.73,242530,313257
1415.66,V,-1.18,-1.17,236040,306678
1416.05,V,-1.23,-1.25,236059,306678
1416.79,V,-2.03,-1.96,272755,343337
1417.02,IV,-2.45,-2.39,244417,314988
1417.05,V,-1.89,-1.94,236109,306678
1417.97,IV,-2.25,-2.21,225387,295910
1418.43,V,-1.97,-1.92,272801,343301
1420.06,V,-0.52,-0.45,234036,304456
1420.44,V,-1.06,-0.99,235053,305453
1422.40,IV,-1.31,-1.42,221650,291954
1423.46,IV,-1.85,-1.95,223764,294015
1423.87,V,-1.38,-1.35,239541,309772
1423.89,IV,-1.71,-1.74,220917,291147
1424.19,IV,-2.42,-2.31,221739,291954
1424.41,V,-1.50,-1.51,256272,326477
1424.77,V,-2.16,-2.20,239615,309801
1425.19,V,-0.65,-0.62,246477,316643
1425.26,V,-2.42,-2.30,234036,304199
1427.42,V,-0.91,-0.92,236059,306116
1427.43,V,-1.46,-1.53,234036,304092
1429.15,IV,-2.30,-2.28,227960,297931
1429.48,V,-1.79,-1.66,239615,309570
1429.70,IV,-1.92,-1.92,224071,294015
1430.71,V,-2.01,-1.99,234036,303932
1430.81,IV,-1.74,-1.75,223623,293514
1432.02,V,-1.98,-1.98,238234,308065
1432.99,V,-1.28,-1.26,236331,306116
1433.63,V,-1.17,-1.11,239541,309294
1435.14,V,-1.75,-1.65,239615,309294
1435.60,V,-1.98,-1.93,246477,316134
1436.73,V,-0.98,-0.93,235053,304655
1437.41,IV,-2.32,-2.32,243725,313295
1438.19,IV,-2.41,-2.42,243725,313257
1438.26,IV,-1.99,-2.14,220917,290445
1438.45,V,-2.04,-2.02,238305,307825
1438.65,V,-1.06,-1.03,246624,316134
1440.85,V,-1.49,-1.45,235053,304456
1443.48,V,-1.53,-1.54,239541,308818
1443.89,IV,-2.21,-2.20,223764,293022
1444.13,V,-1.26,-1.25,256272,325519
1445.39,IV,-2.08,-2.18,244072,313257
1445.65,V,-2.11,-2.18,234036,303209
1446.72,V,-0.73,-0.71,236331,305453
1450.30,IV,-1.82,-1.82,224071,293022
1450.45,V,-1.05,-1.04,234036,302980
1451.28,IV,-2.42,-2.43,243725,312630
1451.85,IV,-2.01,-1.88,244417,313295
1452.67,V,-2.23,-2.20,278380,347219
1456.48,V,-2.17,-2.19,238234,306892
1456.96,V,-1.28,-1.35,256273,324909
1457.43,IV,-1.98,-2.02,227960,296573
1457.81,V,-1.48,-1.53,236059,304655
1459.34,V,-2.23,-2.20,239541,308065
1460.93,V,-1.80,-1.81,239541,307991
1462.50,V,-1.43,-1.43,239615,307991
1463.62,V,-1.44,-1.34,236331,304655
1464.24,V,-1.59,-1.55,239615,307910
1464.48,V,-1.92,-1.93,239541,307825
1465.49,IV,-2.03,-2.01,229694,297931
1466.61,IV,-1.80,-1.86,244417,312602
1467.89,V,-1.79,-1.83,236331,304456
1469.20,V,-2.38,-2.34,272755,340820
1469.52,IV,-2.37,-2.44,244417,312467
1473.12,IV,-2.29,-2.27,224071,291954
1475.77,V,-1.94,-1.90,246477,314238
1475.78,V,-0.91,-0.89,236331,304092
1476.14,IV,-2.07,-2.08,244671,312416
1476.81,IV,-2.17,-2.15,244753,312467
1477.50,V,-1.61,-1.59,272801,340483
1478.99,V,-1.98,-1.98,246624,314238
1482.54,IV,-2.05,-2.18,243725,311177
1482.82,V,-0.91,-0.88,236040,303479
1483.24,V,-2.04,-2.05,236059,303479
1484.80,V,-1.83,-1.86,234036,301386
1485.29,IV,-1.83,-1.78,244671,311998
1486.55,IV,-2.16,-2.19,244813,312083
1488.48,V,-2.11,-2.12,236059,303242
1489.19,V,-1.09,-1.13,236059,303209
1489.90,V,-2.05,-2.03,199441,266560
1489.90,IV,-1.93,-1.94,244943,312061
1493.65,V,-2.39,-2.36,256272,323222
1493.66,V,-2.35,-2.27,256273,323222
1494.29,V,-2.29,-2.25,236040,302961
1494.46,IV,-2.06,-2.19,244813,311727
1494.53,V,-2.04,-1.96,236331,303242
1495.23,IV,-1.79,-1.74,229694,296573
1497.33,V,-1.74,-1.71,199441,266227
1497.91,IV,-2.42,-2.45,244417,311177
1498.12,IV,-2.40,-2.43,226271,293022
1498.92,IV,-2.23,-2.20,231216,297931
1500.39,V,-1.43,-1.40,236331,302980
1502.02,V,-1.81,-1.82,272801,339378
1502.99,V,-1.35,-1.28,235053,301587
1504.40,V,-2.15,-2.22,256272,322744
1505.56,V,-2.22,-2.19,200648,267069
1510.51,V,-2.08,-2.18,235053,301255
1510.62,IV,-2.32,-2.41,244813,311011
1510.77,V,-2.47,-2.43,256272,322464
1511.63,V,-2.21,-2.24,243140,309294
1512.73,IV,-2.13,-2.13,231825,297931
1513.41,V,-2.47,-2.44,201413,267489
1514.07,IV,-2.33,-2.45,244753,310800
1518.86,V,-1.65,-1.59,239615,305453
1522.47,V,-2.43,-2.45,265752,331435
1526.07,V,-1.83,-1.74,236059,301587
1530.04,V,-2.02,-1.94,246624,311982
1530.06,IV,-2.47,-2.42,231216,296573
1530.98,V,-2.26,-2.18,219203,284521
1531.30,V,-1.75,-1.79,272755,338059
1532.32,V,-1.26,-1.25,272755,338016
1533.04,V,-2.31,-2.43,246477,311706
1533.83,V,-1.82,-1.83,236059,301255
1535.77,V,-2.22,-2.12,239541,304655
1537.15,V,-0.79,-0.75,278282,343337
1537.50,V,-1.66,-1.62,239615,304655
1540.33,V,-1.01,-0.97,278380,343301
1540.47,V,-1.19,-1.11,239541,304456
1542.01,V,-2.23,-2.26,243140,307991
1544.42,V,-1.80,-1.79,236331,301081
1549.16,V,-1.98,-2.03,239541,304092
1550.25,V,-2.20,-2.18,236331,300837
1563.14,V,-1.30,-1.25,246477,310450
1566.76,V,-2.34,-2.31,246624,310450
1568.25,V,-2.44,-2.43,243140,306906
1576.31,V,-1.59,-1.57,239541,302980
1576.88,V,-1.34,-1.34,256272,319689
1583.92,V,-2.20,-2.25,272801,335935
1585.32,V,-1.81,-1.79,246624,309703
1586.51,V,-1.25,-1.25,256273,319304
1613.63,V,-1.84,-1.79,239615,301587
1616.95,V,-2.20,-2.22,239541,301386
1625.63,V,-2.36,-2.38,243140,304655
1641.27,V,-2.26,-2.24,256272,317201
1648.47,V,-2.19,-2.20,246477,307139
1656.45,V,-2.02,-2.01,256272,316643
1658.56,V,-2.36,-2.35,219203,279497
1663.86,V,-2.10,-2.09,243140,303242
1670.53,V,-2.46,-2.44,256273,316134
1672.87,V,-1.22,-1.18,278282,338059
1681.81,V,-1.57,-1.57,219203,278663
1692.27,IV,-1.34,-1.37,272944,332036
